8 16 112 2
17050
1 2 3 4 5 8
3 4 5 6 7 8
2759 325 755 1967 1969 1143
1032 1860 402 3678 643 2078
160 160 160 160 160 160 160 160 160 160 160 160 160 160 160 160
160 160 160 160 160 160 160 160 160 160 160 160 160 160 160 160
0.0174 0.0246 0.0318 0.0244 0.0325 0.0140
0.0155 0.0215 0.0398 0.0174 0.0373 0.0154
1620 953 3415 2427 2649 2850 1898 1188
0 0 0 0 0 0 0 0
1868 1633 2051 1825 1838 2113 1723 1759 1691 1772 1724 1666 1628 1957 1764 1596
398 348 437 389 391 450 367 374 360 377 367 355 347 417 376 340
2628 2297 2886 2568 2585 2973 2425 2475 2380 2494 2426 2344 2290 2753 2482 2245
288 252 317 282 284 326 266 272 261 274 266 257 251 302 272 246
1850 1617 2031 1808 1820 2093 1707 1742 1675 1755 1708 1650 1612 1938 1747 1580
908 793 997 887 893 1027 837 855 822 861 838 810 791 951 857 775
2036 1780 2236 1990 2003 2304 1879 1918 1844 1932 1880 1817 1775 2134 1924 1739
1309 1144 1437 1279 1288 1481 1208 1233 1185 1242 1208 1168 1141 1371 1236 1118
0 4 3 5 5 3
3 0 4 4 4 2
3 2 0 5 3 5
5 2 4 0 5 4
5 5 3 5 0 3
4 2 4 2 5 0
0 3 5 5 2 4
4 0 4 5 2 2
3 5 0 4 2 5
4 3 3 0 4 2
3 2 2 3 0 4
2 3 4 3 3 0
0.3225 0.4252 0.4799 0.4558 0.3910 0.4142 0.4627 0.4042
4.1759 5.6284 6.4536 4.7470 5.2931 4.2927 6.1516 4.6238
0.0000 0.0000 0.0248 0.0005 0.0000 0.0006
0.0000 0.0000 0.0125 0.0000 0.0000 0.0000
0 118 86 140 136 83
84 0 131 123 108 55
91 58 0 140 89 141
141 56 131 0 165 133
148 153 100 157 0 84
108 56 118 58 135 0
0 97 150 143 60 114
128 0 133 150 58 54
92 158 0 113 58 140
121 85 96 0 120 58
96 58 60 96 0 110
54 84 120 93 94 0
