8 16 112 2
10453
1 2 3 5 6 7 8
2 3 4 6 7 8
1788 952 1897 1032 2312 1087 1846
930 1970 2414 831 283 1826
160 160 160 160 160 160 160 160 160 160 160 160 160 160 160 160
160 160 160 160 160 160 160 160 160 160 160 160 160 160 160 160
0.0179 0.0252 0.0253 0.0310 0.0173 0.0368 0.0130
0.0344 0.0203 0.0232 0.0385 0.0283 0.0219
675 1765 1841 753 1569 727 1714 1409
0 0 0 0 0 0 0 0
1337 1223 1271 1210 1255 1353 1301 1197 1363 1342 1235 1392 1199 1272 1224 1449
883 808 839 799 829 894 859 791 900 886 816 919 792 840 808 957
480 439 456 435 451 486 467 430 490 482 444 500 431 457 440 521
775 709 737 702 728 785 754 694 791 778 716 807 695 738 710 841
2447 2238 2326 2214 2297 2477 2381 2191 2495 2455 2261 2547 2194 2328 2240 2652
2464 2254 2342 2230 2314 2495 2398 2207 2513 2473 2277 2565 2210 2345 2256 2672
860 786 817 778 807 870 836 770 876 863 794 895 771 818 787 932
1099 1005 1045 995 1032 1113 1070 984 1121 1103 1015 1144 986 1046 1006 1192
0 5 5 3 2 3 2
3 0 2 5 4 2 4
3 2 0 4 5 4 5
3 2 2 0 2 2 2
5 3 4 4 0 4 2
3 2 3 5 4 0 4
4 3 5 5 2 4 0
0 5 2 3 5 4
2 0 5 2 3 2
2 5 0 5 4 2
2 2 2 0 2 5
4 5 3 5 0 4
2 3 4 4 2 0
0.5089 0.3084 0.3993 0.4930 0.4835 0.3722 0.3272 0.5264
6.3723 3.4517 4.6277 6.6495 5.7856 4.5558 4.5560 5.4135
0.0203 0.0210 0.0226 0.0254 0.0201 0.0364 0.0127
0.0333 0.0172 0.0195 0.0364 0.0246 0.0233
0 120 138 81 54 73 58
74 0 56 133 96 58 110
86 47 0 108 138 107 129
77 52 58 0 54 47 58
136 78 116 117 0 104 57
71 48 71 130 115 0 103
109 75 142 129 58 97 0
0 135 55 86 133 103
57 0 129 53 76 51
48 135 0 123 107 48
58 48 54 0 55 139
111 130 81 136 0 104
52 78 99 111 56 0
