8 16 112 2
10149
1 2 4 5 6 7 8
1 2 3 5 6 7 8
632 578 417 1203 328 365 1147
625 2727 2312 630 3810 1604 649
160 160 160 160 160 160 160 160 160 160 160 160 160 160 160 160
160 160 160 160 160 160 160 160 160 160 160 160 160 160 160 160
0.0380 0.0277 0.0384 0.0133 0.0244 0.0219 0.0279
0.0256 0.0176 0.0173 0.0381 0.0168 0.0399 0.0370
314 0 1935 1486 2485 748 1415 1767
0 199 0 0 0 0 0 0
2289 2401 2179 2233 2384 2351 1812 1814 1924 1955 2247 2153 2494 1850 2318 2233
2220 2329 2114 2166 2313 2281 1757 1760 1866 1896 2180 2089 2420 1794 2248 2166
710 745 676 693 740 729 562 563 597 606 697 668 774 574 719 693
1433 1503 1364 1398 1493 1472 1134 1136 1204 1224 1407 1348 1562 1158 1451 1398
917 962 873 895 955 942 726 727 771 783 901 863 1000 741 929 895
895 938 852 873 932 919 708 709 752 764 878 842 975 723 906 873
1138 1194 1084 1110 1185 1169 901 902 957 972 1117 1071 1240 920 1152 1110
1840 1930 1752 1795 1917 1890 1457 1459 1547 1571 1806 1731 2005 1487 1863 1795
0 2 2 2 2 3 5
2 0 2 3 2 2 4
5 2 0 4 2 3 3
4 5 3 0 4 2 4
5 5 5 2 0 2 3
3 4 4 3 2 0 2
2 4 2 3 4 2 0
0 4 3 3 5 2 5
3 0 3 5 2 2 5
3 2 0 2 5 2 5
3 5 5 0 3 3 5
4 5 5 3 0 3 5
4 2 3 2 4 0 2
4 4 4 4 5 2 0
0.3057 0.3924 0.4401 0.4015 0.4681 0.4700 0.3203 0.4884
3.4079 4.8924 4.9261 4.4474 6.2793 5.7034 4.4164 5.9740
0.0105 0.0149 0.0000 0.0000 0.0045 0.0000 0.0000
0.0000 0.0000 0.0000 0.0328 0.0000 0.0168 0.0117
0 65 62 68 59 89 173
60 0 64 87 60 67 120
170 56 0 129 64 90 89
139 165 94 0 116 63 120
173 159 156 65 0 69 87
91 120 126 92 69 0 63
56 130 68 90 133 62 0
0 112 95 101 161 66 172
100 0 96 159 63 66 149
102 57 0 57 173 69 173
92 159 156 0 98 103 152
139 161 158 91 0 86 144
127 56 92 58 129 0 65
132 122 136 112 156 66 0
