8 16 112 2
10599
2 3 5 6 7 8
1 2 3 6 7 8
1543 2443 2534 442 239 2343
635 1146 204 1972 584 3019
160 160 160 160 160 160 160 160 160 160 160 160 160 160 160 160
160 160 160 160 160 160 160 160 160 160 160 160 160 160 160 160
0.0363 0.0262 0.0221 0.0181 0.0335 0.0239
0.0126 0.0349 0.0393 0.0284 0.0137 0.0159
1126 463 1938 303 309 1659 2587 2214
0 0 0 0 0 0 0 0
1010 942 812 1079 965 970 1139 929 1036 846 1109 1107 818 801 915 993
858 801 690 917 820 824 968 790 881 719 942 941 695 681 778 844
1977 1844 1590 2112 1889 1899 2228 1819 2028 1655 2170 2167 1601 1568 1792 1943
1699 1584 1366 1814 1623 1631 1915 1563 1742 1422 1864 1862 1375 1347 1539 1669
1766 1646 1420 1886 1687 1696 1990 1624 1811 1478 1938 1936 1429 1400 1600 1735
1871 1744 1504 1998 1787 1796 2109 1721 1919 1566 2053 2051 1514 1483 1695 1839
1017 948 818 1086 972 977 1146 936 1043 851 1116 1115 823 806 922 1000
1284 1197 1033 1372 1227 1233 1447 1181 1317 1075 1409 1408 1040 1018 1164 1262
0 2 3 3 5 5
4 0 4 4 3 5
5 5 0 2 2 5
3 5 3 0 4 5
2 3 2 5 0 4
2 5 4 3 3 0
0 3 3 3 3 5
3 0 5 2 5 5
5 4 0 3 4 5
4 2 2 0 2 2
3 4 4 5 0 4
3 3 4 3 5 0
0.4945 0.4135 0.4760 0.3573 0.3415 0.5264 0.2942 0.3896
6.5093 6.0548 7.0881 4.6490 3.8195 5.3846 3.8034 4.1140
0.0434 0.0218 0.0257 0.0160 0.0308 0.0284
0.0132 0.0349 0.0335 0.0261 0.0119 0.0185
0 58 88 82 160 135
117 0 129 126 86 160
155 158 0 65 60 145
79 132 83 0 120 155
59 88 60 160 0 118
58 153 109 92 79 0
0 80 85 98 94 150
82 0 161 57 153 156
135 124 0 94 113 140
108 58 55 0 56 60
82 114 122 135 0 120
98 94 120 94 148 0
