8 16 112 2
11280
1 3 4 5 6 7 8
1 2 3 4 7 8
1584 4295 1688 2196 2667 2963 2105
818 1013 1270 2078 217 1810
160 160 160 160 160 160 160 160 160 160 160 160 160 160 160 160
160 160 160 160 160 160 160 160 160 160 160 160 160 160 160 160
0.0202 0.0149 0.0237 0.0255 0.0240 0.0216 0.0190
0.0391 0.0237 0.0126 0.0154 0.0368 0.0221
1811 691 793 301 1558 2265 2283 1578
0 0 0 0 0 0 0 0
1682 1708 1325 1246 1485 1320 1294 1321 1243 1596 1591 1300 1340 1298 1555 1367
784 796 618 581 692 615 603 616 579 744 741 606 625 605 725 637
1822 1850 1436 1350 1609 1429 1402 1431 1346 1729 1723 1409 1452 1406 1684 1481
3104 3152 2446 2301 2741 2436 2389 2438 2294 2946 2936 2400 2474 2396 2870 2523
233 237 184 173 206 183 180 183 172 221 221 180 186 180 216 190
1315 1335 1036 974 1161 1032 1012 1033 972 1248 1244 1017 1048 1015 1216 1069
3005 3051 2368 2227 2653 2358 2312 2360 2220 2852 2842 2323 2394 2319 2778 2442
692 703 546 513 611 543 533 544 512 657 655 535 552 534 640 563
0 4 5 3 3 4 3
2 0 3 3 5 4 5
5 3 0 2 5 5 5
2 4 4 0 4 5 4
3 4 3 3 0 4 3
4 2 4 4 4 0 5
2 4 5 5 3 3 0
0 4 4 5 4 5
5 0 4 4 2 2
4 5 0 3 5 3
2 4 3 0 3 2
5 5 4 4 0 2
2 2 3 3 2 0
0.5254 0.4827 0.2987 0.3021 0.3202 0.4906 0.5162 0.3132
6.3395 7.0460 3.7426 4.2056 4.4229 6.8940 7.5144 3.7567
0.0233 0.0122 0.0265 0.0250 0.0220 0.0254 0.0204
0.0358 0.0248 0.0116 0.0139 0.0352 0.0184
0 107 134 72 69 103 75
48 0 76 75 134 107 115
111 75 0 50 114 114 119
50 89 95 0 94 123 87
77 87 80 73 0 104 74
106 53 100 103 89 0 109
50 106 129 119 69 80 0
0 103 98 112 92 122
136 0 100 108 47 48
90 109 0 81 114 70
49 90 78 0 79 46
120 109 92 96 0 50
54 45 73 68 43 0
