8 16 112 2
10048
1 2 3 4 5 6
1 2 3 5 6 7 8
1257 1727 1975 485 3497 762
1468 836 4628 647 1260 224 1529
160 160 160 160 160 160 160 160 160 160 160 160 160 160 160 160
160 160 160 160 160 160 160 160 160 160 160 160 160 160 160 160
0.0382 0.0139 0.0162 0.0330 0.0183 0.0315
0.0327 0.0383 0.0121 0.0371 0.0127 0.0357 0.0314
766 1371 1168 2604 2243 509 900 486
0 0 0 0 0 0 0 0
1390 1442 1471 1079 1041 1116 1271 1064 1101 1149 1306 1284 1254 1313 1304 1165
643 667 681 499 482 516 588 493 510 532 604 594 580 608 603 539
1474 1530 1560 1145 1105 1184 1349 1129 1168 1219 1386 1362 1330 1393 1383 1236
838 870 887 651 628 673 767 642 664 693 788 774 756 792 786 703
1489 1545 1575 1156 1115 1195 1362 1140 1179 1231 1399 1375 1343 1407 1397 1248
940 975 995 730 704 755 860 720 745 777 883 868 848 888 882 788
2796 2900 2958 2171 2094 2244 2557 2141 2215 2311 2627 2582 2523 2641 2622 2343
2541 2636 2688 1973 1903 2040 2324 1946 2013 2100 2387 2346 2292 2400 2383 2129
0 4 3 2 5 3
5 0 5 4 3 3
4 3 0 4 3 5
2 4 4 0 5 3
2 5 4 3 0 4
2 3 4 3 3 0
0 5 5 3 2 5 2
5 0 4 4 4 2 3
4 2 0 4 5 3 2
3 5 3 0 3 3 4
3 2 2 3 0 5 4
5 3 2 5 4 0 5
4 4 4 5 3 3 0
0.2995 0.4697 0.3038 0.3040 0.3813 0.3416 0.4632 0.3652
3.8777 6.3797 4.1618 3.5828 4.2055 3.5964 6.6686 3.7345
0.0318 0.0147 0.0192 0.0282 0.0171 0.0317
0.0333 0.0356 0.0120 0.0428 0.0111 0.0324 0.0268
0 139 108 73 188 92
184 0 170 135 101 108
139 99 0 148 105 170
72 139 124 0 151 103
63 170 138 99 0 130
67 94 129 104 108 0
0 174 169 95 64 167 67
188 0 124 127 127 69 103
136 72 0 133 188 100 65
111 163 99 0 92 104 124
104 75 63 91 0 165 121
170 98 71 153 144 0 167
148 127 124 153 91 104 0
