12 16 112 3
26405
1 3 4 5 7 8
5 6 7 8 9 10 11 12
2 9 10
1021 1702 1646 886 798 640
853 1242 1338 1317 889 1015 1509 2857
558 1587 899
160 160 160 160 160 160 160 160 160 160 160 160 160 160 160 160
160 160 160 160 160 160 160 160 160 160 160 160 160 160 160 160
160 160 160 160 160 160 160 160 160 160 160 160 160 160 160 160
0.0235 0.0235 0.0243 0.0361 0.0401 0.0500
0.0375 0.0322 0.0299 0.0243 0.0270 0.0394 0.0265 0.0112
0.0430 0.0252 0.0267
1946 1539 1650 2131 1182 3926 3257 3283 2107 3281 886 1167
0 0 0 0 0 0 0 0 0 0 0 0
2953 3213 2767 3631 3283 3506 2581 2517 3016 2632 3469 3602 2747 3328 3642 3481
2696 2934 2527 3315 2998 3201 2356 2298 2754 2403 3167 3289 2508 3039 3325 3178
1099 1196 1030 1351 1222 1305 960 937 1123 980 1291 1341 1022 1239 1355 1296
712 775 668 876 792 846 623 607 728 635 837 869 663 803 879 840
302 329 283 372 336 359 264 258 309 270 355 369 281 341 373 357
1514 1648 1419 1862 1684 1798 1323 1291 1547 1350 1779 1847 1409 1707 1867 1785
201 219 188 247 223 239 176 171 205 179 236 245 187 226 248 237
289 315 271 356 322 344 253 247 296 258 340 353 269 326 357 341
3129 3406 2933 3848 3480 3716 2735 2668 3197 2789 3677 3818 2911 3527 3860 3689
454 495 426 559 505 540 397 387 464 405 534 554 423 512 560 536
2794 3040 2618 3435 3107 3317 2442 2381 2854 2490 3282 3408 2599 3149 3446 3293
3238 3524 3035 3982 3601 3845 2830 2760 3308 2886 3805 3951 3012 3650 3994 3818
0 7 7 6 7 5
8 0 7 7 5 6
5 8 0 8 5 6
7 6 6 0 6 8
7 6 6 8 0 8
6 5 5 7 6 0
0 6 7 5 7 7 6 7
7 0 5 7 7 8 8 7
7 6 0 8 5 6 5 7
7 8 8 0 8 5 8 7
6 7 7 5 0 8 7 7
6 5 8 7 5 0 5 8
8 7 8 7 5 5 0 6
5 7 5 6 7 6 8 0
0 7 7
8 0 5
5 8 0
0.3274 0.2238 0.2509 0.2761 0.2495 0.2552 0.2800 0.2263 0.2934 0.2195 0.3270 0.2349
4.1102 2.7012 3.3445 2.8719 3.0356 3.2819 3.1000 3.0923 3.9998 2.4332 3.5808 3.3960
0.0000 0.0000 0.0000 0.0000 0.0018 0.0248
0.0046 0.0000 0.0000 0.0000 0.0078 0.0091 0.0000 0.0000
0.0000 0.0000 0.0000
0 43 44 37 34 42
65 0 60 38 39 47
28 38 0 69 39 52
44 47 39 0 39 54
40 28 32 67 0 61
31 34 30 44 50 0
0 47 59 39 46 41 30 35
60 0 31 54 51 48 69 31
61 34 0 56 27 48 35 38
31 37 64 0 58 43 61 58
35 35 52 41 0 52 50 38
33 28 49 33 38 0 35 60
39 31 46 34 28 37 0 37
29 44 40 36 60 39 63 0
0 39 32
52 0 38
24 50 0
