36 16 112 10
171427
03 09 18 20 26 27 31 36
02 07 09 17 25 29 35 36
01 05 09 11 12 17 21 25 26 35
01 09 11 18
04 07 09 16 20 24 30 33
03 06 09 13 19 23 27
09 28 31 33 34
08 09 10 11 13 14 22 28 32 34
08 09 10 12 14 15 19 24 32
02 04 05 06 09 15 16 21 22 23 29 30
2667 1667 4364 2667 2667 4364 1905 2000
1778 2353 960 2667 6667 1391 2857 1481
1455 1481 2000 2462 3333 2105 2000 1600 2353 5333
857 4444 1481 3556
1600 2182 857 1500 1043 1600 1818 889
1846 923 4571 4364 2000 2087 5000
1412 1280 8000 1538 6667
2667 6857 6400 1714 4444 2667 1333 4364 2000 5333
2462 1920 2286 1882 6400 1000 2909 3200 2105
1524 2400 2182 6400 1714 8000 2667 857 2500 3429 1429 2667
160 160 160 160 160 160 160 160 160 160 160 160 160 160 160 160
160 160 160 160 160 160 160 160 160 160 160 160 160 160 160 160
160 160 160 160 160 160 160 160 160 160 160 160 160 160 160 160
160 160 160 160 160 160 160 160 160 160 160 160 160 160 160 160
160 160 160 160 160 160 160 160 160 160 160 160 160 160 160 160
160 160 160 160 160 160 160 160 160 160 160 160 160 160 160 160
160 160 160 160 160 160 160 160 160 160 160 160 160 160 160 160
160 160 160 160 160 160 160 160 160 160 160 160 160 160 160 160
160 160 160 160 160 160 160 160 160 160 160 160 160 160 160 160
160 160 160 160 160 160 160 160 160 160 160 160 160 160 160 160
0.015 0.024 0.011 0.015 0.015 0.011 0.021 0.02
0.018 0.017 0.025 0.015 0.006 0.023 0.014 0.027
0.022 0.027 0.024 0.013 0.012 0.019 0.012 0.025 0.017 0.006
0.028 0.009 0.027 0.009
0.02 0.022 0.028 0.016 0.023 0.025 0.022 0.027
0.013 0.026 0.007 0.011 0.024 0.023 0.008
0.017 0.025 0.005 0.026 0.006
0.009 0.007 0.005 0.014 0.009 0.012 0.024 0.011 0.012 0.006
0.013 0.025 0.021 0.017 0.005 0.024 0.011 0.015 0.019
0.021 0.02 0.011 0.005 0.014 0.005 0.012 0.028 0.016 0.007 0.028 0.015
3125 7842 2475 7531 3584 9210 0 0 6366 7086 8832 3536 1090 0 7083 3396 0 10897 2771 10646 11129 8981 6458 4636 94 8425 3591 1630 0 0 735 2732 6861 6968 9832 3871
0 0 0 0 0 0 2496 223 0 0 0 0 0 1308 0 0 3981 0 0 0 0 0 0 0 0 0 0 0 530 2561 0 0 0 0 0 0
1529 1498 1566 2064 2138 1481 2111 2201 1459 1438 1976 1828 1409 1410 2134 1470
3626 3551 3713 4894 5068 3511 5004 5217 3460 3410 4685 4334 3340 3342 5059 3485
4079 3995 4178 5506 5702 3950 5629 5870 3892 3836 5271 4876 3758 3760 5691 3921
4703 4605 4816 6347 6573 4553 6489 6767 4487 4423 6076 5621 4332 4335 6561 4520
1359 1331 1392 1835 1900 1316 1876 1956 1297 1278 1757 1625 1252 1253 1897 1307
509 499 522 688 712 493 703 733 486 479 658 609 469 470 711 490
1359 1331 1392 1835 1900 1316 1876 1956 1297 1278 1757 1625 1252 1253 1897 1307
1586 1553 1624 2141 2217 1536 2189 2282 1513 1492 2049 1896 1461 1462 2213 1524
5042 4938 5164 6806 7048 4882 6958 7256 4812 4742 6515 6027 4645 4648 7035 4847
3003 2941 3075 4053 4197 2907 4144 4321 2865 2824 3880 3589 2766 2768 4189 2886
4929 4827 5048 6653 6890 4773 6802 7093 4703 4636 6369 5892 4541 4544 6877 4738
4419 4328 4526 5964 6177 4279 6098 6359 4217 4156 5710 5282 4071 4074 6166 4248
3173 3107 3249 4282 4435 3072 4378 4565 3027 2984 4099 3792 2923 2925 4427 3049
1926 1886 1973 2600 2692 1865 2658 2772 1838 1811 2489 2302 1774 1775 2687 1851
2323 2275 2379 3135 3247 2249 3205 3342 2216 2184 3001 2776 2140 2141 3241 2232
3853 3773 3946 5200 5385 3730 5316 5544 3676 3623 4978 4605 3549 3551 5375 3703
1756 1720 1798 2370 2455 1700 2423 2527 1676 1652 2269 2099 1618 1619 2450 1688
736 721 754 994 1029 713 1016 1059 702 692 951 880 678 679 1027 708
3173 3107 3249 4282 4435 3072 4378 4565 3027 2984 4099 3792 2923 2925 4427 3049
3059 2996 3133 4129 4276 2962 4222 4402 2919 2877 3953 3657 2818 2820 4268 2940
4533 4439 4642 6117 6336 4389 6255 6522 4325 4263 5856 5418 4176 4178 6324 4357
2096 2053 2147 2829 2930 2029 2893 3016 2000 1971 2708 2505 1931 1932 2925 2015
2323 2275 2379 3135 3247 2249 3205 3342 2216 2184 3001 2776 2140 2141 3241 2232
1699 1664 1740 2294 2376 1645 2345 2445 1622 1598 2196 2031 1566 1566 2371 1633
4023 3939 4120 5429 5623 3895 5551 5788 3838 3783 5197 4808 3706 3708 5612 3866
4419 4328 4526 5964 6177 4279 6098 6359 4217 4156 5710 5282 4071 4074 6166 4248
3059 2996 3133 4129 4276 2962 4222 4402 2919 2877 3953 3657 2818 2820 4268 2940
3116 3052 3191 4205 4356 3017 4300 4484 2973 2931 4026 3724 2871 2872 4348 2995
2436 2386 2495 3288 3405 2359 3362 3505 2324 2291 3148 2912 2244 2246 3399 2341
3739 3662 3829 5047 5227 3620 5160 5380 3568 3517 4831 4469 3445 3447 5217 3594
4476 4383 4584 6041 6256 4334 6176 6440 4271 4210 5783 5350 4123 4126 6245 4302
4306 4217 4410 5811 6019 4169 5942 6196 4109 4050 5563 5147 3967 3969 6008 4139
396 388 406 535 554 384 547 570 378 373 512 474 365 365 553 381
906 887 928 1223 1267 877 1251 1304 865 852 1171 1083 835 835 1264 871
4759 4661 4874 6423 6652 4608 6567 6848 4541 4476 6149 5689 4384 4387 6640 4574
1529 1498 1566 2064 2138 1481 2111 2201 1459 1438 1976 1828 1409 1410 2134 1470
0 2 7 4 5 5 3 8
5 0 8 8 8 7 6 8
5 7 0 2 7 4 7 3
7 6 6 0 5 6 3 2
4 3 3 6 0 6 6 3
6 5 3 4 4 0 3 5
8 5 6 7 2 7 0 4
4 2 3 3 3 3 6 0
0 8 3 4 3 6 5 8
7 0 7 4 6 4 7 4
7 5 0 3 5 6 7 7
5 5 3 0 3 4 8 2
2 5 2 2 0 2 7 7
6 2 7 2 3 0 7 6
6 3 3 6 5 4 0 2
2 2 7 3 5 7 4 0
0 6 7 6 4 8 7 2 4 3
3 0 2 2 7 8 2 7 7 6
3 6 0 6 5 2 8 3 4 4
2 2 5 0 3 4 2 2 8 5
5 5 3 2 0 5 8 2 7 7
6 5 3 3 7 0 4 5 5 5
3 4 6 4 7 4 0 5 3 7
7 8 8 2 4 7 6 0 3 4
6 4 6 3 2 4 2 6 0 8
5 8 7 2 6 8 4 7 3 0
0 8 2 6
5 0 2 8
8 6 0 5
7 6 6 0
0 5 8 4 7 4 2 8
4 0 4 3 5 4 7 3
4 8 0 4 3 6 5 6
4 7 8 0 2 6 8 2
7 5 7 5 0 2 6 4
6 2 5 7 5 0 4 2
8 6 3 7 4 4 0 4
4 7 4 4 2 8 7 0
0 8 4 2 8 7 2
4 0 8 7 2 8 2
7 5 0 4 4 5 8
8 4 3 0 4 5 3
3 8 6 4 0 8 3
4 2 6 8 3 0 7
4 7 7 8 2 8 0
0 5 5 7 3
6 0 8 5 8
2 5 0 4 4
6 8 7 0 4
6 3 4 8 0
0 6 5 4 6 8 7 7 3 7
5 0 8 8 7 7 6 3 8 4
6 7 0 2 4 6 8 3 2 7
6 7 6 0 6 8 8 3 7 4
5 8 6 7 0 4 5 2 6 4
5 6 8 4 4 0 2 2 7 7
8 6 8 3 2 4 0 2 3 4
2 7 5 4 5 2 7 0 2 3
5 8 7 8 3 6 7 8 0 8
8 6 2 7 6 8 4 5 6 0
0 8 6 5 7 5 2 8 2
8 0 5 2 5 5 5 7 5
4 6 0 3 4 5 7 2 2
7 3 4 0 4 2 3 4 4
7 6 3 7 0 5 6 3 2
6 6 5 7 3 0 2 8 3
4 3 3 4 8 3 0 8 8
7 2 7 7 2 5 6 0 7
5 2 3 3 2 8 7 5 0
0 2 2 5 2 4 4 5 6 4 2 7
4 0 7 8 8 4 6 8 5 2 3 2
4 2 0 2 6 3 2 2 5 4 8 3
2 6 5 0 8 4 3 7 2 7 2 2
4 4 3 7 0 6 7 4 5 8 5 3
5 5 3 7 8 0 7 6 8 2 5 4
3 5 6 7 4 8 0 5 3 2 7 3
7 2 6 2 6 2 2 0 4 5 4 7
8 7 2 2 3 5 2 3 0 5 5 6
3 5 7 4 4 8 6 6 6 0 2 2
7 5 2 8 4 5 6 6 6 4 0 2
4 8 4 2 7 3 4 3 3 4 8 0
0.270833 0.346667 0.368333 0.400833 0.411667 0.2925 0.195 0.368333 0.314167 0.4225 0.3575 0.140833 0.335833 0.0975 0.173333 0.314167 0.238333 0.1625 0.0975 0.39 0.249167 0.270833 0.3575 0.195 0.411667 0.195 0.238333 0.184167 0.216667 0.314167 0.2275 0.433333 0.151667 0.184167 0.39 0.26
3.440 3.709 4.641 4.008 5.434 3.861 2.886 4.494 3.142 6.253 4.147 1.479 3.963 1.160 2.323 4.053 2.669 1.625 1.238 5.694 3.040 3.088 5.255 2.867 5.969 2.106 3.218 2.100 2.882 4.713 2.389 5.287 2.139 2.063 4.680 2.782
0.00139 0.01756 0.00327 0 0.00171 0.00245 0.01303 0
0 0 0.01881 0 0 0.00137 0.00554 0.0138
0 0.02094 0.01852 0.00098 0 0.00784 0 0.01679 0 0
0.0002 0.00139 0.01612 0
0 0.00244 0.02632 0.00388 0.00835 0.01505 0.00953 0
0 0.02373 0.00175 0.00183 0.00886 0.01481 0
0.01124 0.01046 0 0.00024 0
0 0 0 0 0 0.0087 0.00184 0 0 0.00006
0.00428 0.01756 0.01519 0.00443 0 0.0228 0 0 0.01222
0.0051 0.001 0 0 0.0056 0 0 0.01932 0 0 0 0
0 116 476 220 386 614 313 569
577 0 401 779 872 488 441 782
612 289 0 84 243 384 214 205
602 469 644 0 291 535 337 208
285 241 121 265 0 192 685 328
310 168 180 344 383 0 145 353
248 396 295 323 246 596 0 182
227 139 142 136 227 289 319 0
0 404 328 306 218 518 297 718
561 0 624 194 577 162 211 401
686 521 0 226 515 270 607 516
468 363 279 0 188 326 430 120
202 412 224 158 0 205 722 827
547 98 441 61 132 0 550 714
236 261 110 625 335 226 0 96
154 128 656 155 450 305 154 0
0 292 306 285 468 713 663 86 476 355
243 0 145 156 588 446 110 546 485 717
355 374 0 326 348 118 430 127 404 141
221 119 586 0 289 356 197 80 528 400
521 335 247 172 0 265 649 207 722 557
398 385 271 280 305 0 211 498 485 234
354 398 349 446 540 163 0 178 318 847
274 960 368 245 228 289 544 0 247 426
391 132 406 367 100 147 118 411 0 425
579 955 760 131 708 708 450 386 181 0
0 678 108 422
308 0 132 313
955 600 0 202
302 201 645 0
0 494 705 255 779 195 106 976
194 0 335 214 467 450 834 182
214 326 0 242 282 630 581 709
216 434 468 0 67 645 422 178
606 376 393 466 0 146 385 321
556 90 361 217 162 0 275 220
276 231 148 554 156 355 0 158
409 376 227 124 102 307 516 0
0 582 335 114 849 807 73
168 0 316 441 116 689 96
253 175 0 440 389 523 326
270 352 115 0 264 216 309
317 832 458 133 0 964 252
406 108 357 457 205 0 803
303 392 464 401 68 904 0
0 398 423 324 206
429 0 264 461 385
198 454 0 253 228
224 580 669 0 472
289 362 403 867 0
0 187 454 220 468 611 406 702 327 561
539 0 628 569 540 245 441 102 489 285
321 253 0 173 412 406 873 99 202 754
241 285 195 0 320 492 400 204 593 236
277 870 744 288 0 131 197 230 279 471
244 289 923 310 334 0 105 186 838 492
860 604 592 304 102 273 0 93 260 326
126 683 181 431 165 140 408 0 177 122
533 900 805 684 342 678 786 315 0 955
345 591 156 743 403 881 289 328 379 0
0 817 268 473 533 572 165 662 131
867 0 478 235 605 185 492 634 409
189 590 0 351 179 606 333 170 92
393 92 332 0 335 74 168 308 300
261 434 345 455 0 304 698 319 198
190 318 415 747 280 0 113 504 209
121 258 264 268 884 196 0 566 243
708 70 616 562 142 364 193 0 469
334 144 350 251 203 540 505 493 0
0 212 228 602 126 208 280 151 486 364 162 462
156 0 760 692 955 413 642 483 419 241 90 93
465 135 0 241 434 356 188 244 340 406 302 151
86 474 166 0 328 260 105 243 121 630 172 137
457 464 269 333 0 226 347 212 348 489 290 236
432 249 281 793 452 0 512 182 825 182 547 347
108 200 589 816 190 622 0 184 150 172 595 140
355 78 520 118 487 222 202 0 220 403 397 728
372 445 237 113 168 325 82 281 0 391 193 542
114 326 319 244 328 540 222 364 524 0 85 205
670 176 114 456 392 217 204 681 532 468 0 153
132 913 452 191 642 207 402 291 187 235 622 0
