8 16 112 2
12423
2 6 1 4 3 5
2 5 6 8 1
2010 1734 2435 5714 2162 259
1622 1019 1470 3216 242
160 160 160 160 160 160 160 160 160 160 160 160 160 160 160 160
160 160 160 160 160 160 160 160 160 160 160 160 160 160 160 160
0.0199 0.0323 0.0230 0.0042 0.0074 0.0309
0.0148 0.0157 0.0381 0.0199 0.0330
1376 3122 2900 3152 226 333 1161 2851
166 305 272 382 186 214 356 456
227 180 186 187 227 221 204 199 168 181 165 228 204 215 211 180
1837 1457 1506 1516 1838 1792 1653 1616 1363 1466 1336 1846 1651 1742 1711 1459
1817 1442 1490 1500 1818 1773 1635 1598 1348 1450 1322 1826 1633 1723 1693 1443
1266 1005 1038 1045 1267 1236 1139 1114 939 1011 921 1272 1138 1201 1179 1006
2177 1727 1785 1797 2178 2124 1959 1915 1615 1737 1584 2188 1957 2065 2028 1729
1712 1358 1404 1413 1713 1670 1540 1506 1270 1366 1245 1720 1538 1623 1595 1360
832 660 682 687 832 812 748 732 617 664 605 836 747 789 775 661
3009 2388 2468 2484 3010 2936 2708 2647 2233 2401 2189 3024 2704 2854 2803 2390
0 3 4 5 2 4
3 0 4 4 2 5
2 5 0 5 4 3
5 5 3 0 2 4
2 3 3 4 0 4
5 3 5 5 4 0
0 5 3 3 3
5 0 5 4 2
4 3 0 4 5
4 4 5 0 2
2 2 2 4 0
0.5037 0.5118 0.3906 0.2969 0.5148 0.4858 0.2915 0.4660
5.2857 6.5676 4.6240 3.1661 6.1531 7.2641 3.3651 5.0874
0.0175 0.0274 0.0250 0.0050 0.0063 0.0331
0.0151 0.0188 0.0417 0.0208 0.0389
0 75 92 131 45 96
72 0 106 103 49 117
48 114 0 125 91 76
133 117 78 0 51 99
47 75 74 88 0 106
117 68 132 131 97 0
0 133 77 80 66
128 0 118 103 51
97 66 0 101 109
101 91 110 0 53
45 47 50 92 0
