8 16 112 2
10059
1 2 3 4 6 7 8
1 2 3 5 6 8 
762 1600 552 4235 4000 1333 200
4800 1290 2000 2667 1263 2250 
160 160 160 160 160 160 160 160 160 160 160 160 160 160 160 160
160 160 160 160 160 160 160 160 160 160 160 160 160 160 160 160
0.0210 0.0250 0.0290 0.0170 0.0160 0.0360 0.0400
0.0150 0.0310 0.0280 0.0180 0.0190 0.0320 
0 1628 198 2220 2248 1441 1165 1155
381 0 0 0 0 0 0 0
1862 1993 1602 1691 1930 1596 1687 1473 2031 1626 1579 1615 1691 1638 1736 1553
2476 2196 2411 2197 2503 1818 2359 2473 1758 2427 1876 1880 1820 2135 1806 1948
237 243 237 233 308 269 264 241 258 224 267 311 228 226 224 265
1466 1351 1440 1357 1125 1085 1248 1217 1502 1123 1497 1179 1224 1115 1282 1514
657 595 785 850 754 807 773 810 806 622 809 709 639 674 783 698
1699 1949 1694 1801 1758 2138 1528 1837 1535 1964 1677 1980 2041 1865 1654 2006
1403 1485 1455 1158 1179 1137 1482 1121 1352 1311 1465 1192 1387 1438 1504 1108
1987 1731 1664 1807 1487 1673 1974 1467 1492 1736 1655 1539 1560 1981 1551 1913
0 3 2 3 2 5 3
6 0 2 5 6 5 3
3 3 0 3 4 3 6
3 6 5 0 4 6 6
2 3 4 4 0 4 3
6 3 3 4 6 0 6
3 5 4 3 5 6 0
0 3 4 6 2 6
6 0 6 5 6 3
4 4 0 2 3 4
6 4 4 0 2 2
4 5 6 5 0 2
6 4 3 5 6 0
0.357 0.357 0.498 0.476 0.335 0.335 0.411 0.444
3.789 4.29 6.528 7.102 3.358 3.627 5.639 4.841
0.003 0 0.002 0 0 0 0.007
0 0.001 0 0 0.002 0 
0 270 186 243 198 455 288
552 0 178 425 552 435 249
243 252 0 258 336 252 480
294 570 425 0 332 522 546
198 249 376 364 0 380 282
504 240 297 356 510 0 522
300 400 400 273 470 576 0
0 270 364 522 170 570
582 0 600 445 504 258
360 396 0 164 282 384
498 380 380 0 194 166
388 410 600 475 0 194
576 340 252 480 498 0