20 16 112 5
195638
02 04 06 10 12 13 15 16 17
01 07 08 11 12 15 16 20
03 04 05 06 07 10 11 12 14 15 19
01 02 09 15 18
03 05 08 09 13 14 15 17 18 19 20
12000 12000 10285.71429 8000 5600 10666.66667 5333.333333 7000 6000
11200 11200 8000 9000 4800 12000 16000 5600
9000 18666.66667 6857.142857 9000 7111.111111 7111.111111 14400 7200 4800 9333.333333 18666.66667
9333.333333 8000 5333.333333 8000 9333.333333
9142.857143 12800 8000 16000 7000 12000 14400 6400 18666.66667 18000 5333.333333
160 160 160 160 160 160 160 160 160 160 160 160 160 160 160 160
160 160 160 160 160 160 160 160 160 160 160 160 160 160 160 160
160 160 160 160 160 160 160 160 160 160 160 160 160 160 160 160
160 160 160 160 160 160 160 160 160 160 160 160 160 160 160 160
160 160 160 160 160 160 160 160 160 160 160 160 160 160 160 160
0.004 0.004 0.007 0.009 0.01 0.006 0.009 0.008 0.008
0.005 0.005 0.009 0.008 0.01 0.006 0.004 0.01
0.008 0.003 0.007 0.008 0.009 0.009 0.005 0.01 0.01 0.006 0.003
0.006 0.008 0.009 0.009 0.006
0.007 0.005 0.007 0.004 0.008 0.006 0.005 0.01 0.003 0.004 0.009
18436 20048 6607 5316 191 8666 17932 15673 9932 19330 0 4602 512 16776 4963 785 16205 2815 14578 12260
0 0 0 0 0 0 0 0 0 0 572 0 0 0 0 0 0 0 0 0
5718 5060 3645 4674 5905 5580 5368 4540 5881 5102 6319 4953 5708 3766 3740 3454
9977 8828 6360 8155 10303 9736 9365 7922 10262 8902 11025 8642 9960 6572 6526 6027
4623 4091 2947 3779 4774 4511 4340 3671 4755 4125 5109 4005 4615 3045 3024 2793
4015 3553 2559 3281 4146 3918 3769 3188 4129 3582 4437 3478 4008 2644 2626 2425
7422 6567 4731 6066 7664 7242 6967 5893 7633 6622 8202 6429 7409 4888 4855 4483
9003 7967 5739 7359 9298 8786 8451 7149 9260 8033 9950 7799 8988 5930 5889 5439
3406 3014 2171 2784 3518 3324 3198 2705 3504 3039 3764 2951 3401 2244 2228 2058
5597 4952 3568 4574 5780 5461 5253 4444 5756 4993 6185 4848 5587 3686 3661 3381
5353 4737 3412 4375 5528 5224 5025 4251 5506 4776 5916 4637 5344 3526 3502 3234
7665 6783 4886 6265 7916 7480 7195 6086 7884 6839 8470 6640 7652 5049 5014 4630
5597 4952 3568 4574 5780 5461 5253 4444 5756 4993 6185 4848 5587 3686 3661 3381
10220 9044 6515 8354 10554 9973 9594 8115 10512 9119 11294 8853 10203 6732 6685 6174
8760 7752 5584 7160 9046 8548 8223 6956 9010 7816 9681 7588 8745 5770 5730 5292
9368 8290 5972 7657 9675 9142 8794 7439 9636 8359 10353 8115 9352 6171 6128 5659
10342 9151 6593 8453 10680 10092 9708 8212 10637 9227 11429 8959 10324 6812 6765 6247
4623 4091 2947 3779 4774 4511 4340 3671 4755 4125 5109 4005 4615 3045 3024 2793
4988 4414 3180 4077 5151 4868 4682 3961 5131 4451 5512 4321 4980 3286 3263 3013
608 538 387 497 628 593 571 483 625 542 672 527 607 400 397 367
7422 6567 4731 6066 7664 7242 6967 5893 7633 6622 8202 6429 7409 4888 4855 4483
9734 8613 6205 7956 10052 9498 9137 7729 10011 8685 10756 8432 9717 6411 6367 5880
0 5 5 6 6 2 6 4 3
3 0 1 4 4 1 4 4 2
4 2 0 3 6 6 4 5 4
6 2 5 0 2 3 4 6 1
2 1 1 4 0 4 5 4 6
2 4 5 1 6 0 1 2 6
3 1 3 3 2 3 0 1 6
6 5 6 1 4 2 2 0 4
1 5 1 1 5 5 2 4 0
0 6 2 3 5 6 3 4
5 0 6 3 6 1 6 3
6 1 0 5 2 4 3 2
3 5 2 0 1 1 5 2
4 6 3 2 0 4 4 3
4 5 5 5 3 0 1 3
6 2 4 2 3 4 0 5
1 5 4 6 1 1 3 0
0 3 2 5 3 2 4 4 1 3 5
3 0 5 1 4 1 3 6 3 4 3
6 6 0 2 3 2 2 1 6 1 5
6 5 4 0 6 5 4 1 1 5 2
3 1 3 2 0 3 6 4 1 1 5
2 4 4 6 4 0 6 6 5 2 1
2 5 2 4 6 1 0 2 3 4 5
6 2 4 2 1 6 1 0 3 6 5
3 1 1 5 3 2 2 4 0 3 5
1 1 3 1 1 3 4 2 5 0 6
2 4 2 4 5 6 5 4 2 6 0
0 6 2 5 3
4 0 5 5 3
1 4 0 1 2
1 1 1 0 4
4 6 3 6 0
0 6 6 4 6 2 6 3 4 6 6
1 0 6 1 1 6 2 5 3 3 2
2 6 0 6 4 3 3 4 6 4 1
4 1 2 0 1 5 6 1 5 2 6
2 2 4 5 0 1 5 1 5 1 3
3 6 3 1 3 0 5 3 2 1 6
5 3 5 6 6 3 0 1 1 2 4
2 3 1 1 2 2 5 0 2 4 4
1 6 3 4 4 4 3 6 0 6 3
6 4 6 6 1 5 2 2 1 0 5
4 1 5 6 5 4 4 3 5 6 0
0.187 0.172 0.105 0.179 0.185 0.152 0.093 0.158 0.181 0.129 0.115 0.198 0.094 0.101 0.089 0.189 0.172 0.101 0.092 0.099
2.16 2.51 1.52 2.63 2.43 1.64 1.16 2.17 2.33 1.73 1.23 2.91 1.08 1.08 1.14 2.28 2.00 1.44 0.92 1.17
0 0.00181 0 0 0.0011 0 0.00347 0.00572 0
0 0 0.00271 0.00241 0 0.00176 0 0.00061
0 0 0.00312 0.00378 0.00382 0.00288 0 0.0012 0.00488 0.00086 0
0.00048 0.00208 0.00372 0.00446 0.00327
0.00045 0 0 0 0.00176 0 0 0.00272 0 0.0013 0
0 175 232 219 219 57 221 213 109
93 0 44 173 117 54 201 202 84
131 58 0 118 327 298 133 224 156
226 65 228 0 95 146 228 308 36
81 46 53 125 0 163 151 130 264
57 211 188 43 258 0 30 88 186
122 45 127 165 71 107 0 48 233
193 185 236 38 174 95 80 0 149
48 222 45 43 168 224 77 219 0
0 207 69 156 274 219 145 133
147 0 258 102 226 34 229 165
195 39 0 215 90 157 138 110
138 224 65 0 42 54 235 91
218 236 87 86 0 177 184 154
187 241 217 215 90 0 41 171
330 73 158 104 167 128 0 274
56 221 184 264 53 34 126 0
0 165 59 174 108 70 180 219 48 108 191
153 0 181 50 134 45 156 195 101 118 99
294 238 0 60 154 70 66 57 214 28 285
337 267 125 0 330 277 176 45 43 188 100
150 36 160 58 0 106 183 161 45 55 257
94 188 125 180 228 0 281 298 228 112 50
94 252 67 155 257 45 0 99 124 160 250
238 81 189 92 29 171 40 0 100 185 212
108 50 56 254 97 82 65 217 0 91 168
49 34 93 36 48 153 218 69 150 0 209
72 227 89 225 265 276 191 162 99 222 0
0 188 91 225 162
157 0 204 184 152
52 180 0 45 82
49 53 52 0 116
129 329 108 198 0
0 192 207 209 329 62 324 171 122 180 294
43 0 173 28 54 186 75 282 108 99 113
112 171 0 221 118 153 136 136 243 225 56
201 54 95 0 30 227 317 55 262 90 330
104 63 217 260 0 34 147 55 160 50 115
135 291 92 51 109 0 207 108 98 54 205
255 88 165 339 255 100 0 44 43 99 164
61 150 33 54 110 101 258 0 68 169 217
37 178 102 166 196 124 169 246 0 318 120
288 185 301 274 47 274 93 96 36 0 224
139 47 244 222 224 190 147 139 254 219 0
