5 16 80 2
194200
01 02 03 04
01 02 03 04 05
12000 12000 11040 11040
11760 12000 10800 11040 9600
168 168 168 168 168 168 168 168 168 168 168 168 168 168 168 168
168 168 168 168 168 168 168 168 168 168 168 168 168 168 168 168
0.004 0.004 0.004347826 0.004347826
0.004081633 0.004 0.004444444 0.004347826 0.005
49355 21618 21047 11206 20951
0 0 0 0 0
14028 14028 21042 21042 16328 16328 24492 24492 18540 18540 27810 27810 15904 15904 23856 23856
7672 7672 11508 11508 8576 8576 12864 12864 8852 8852 13278 13278 9848 9848 14772 14772
15526 15526 23289 23289 18524 18524 27786 27786 18030 18030 27045 27045 17130 17130 25695 25695
8518 8518 12777 12777 9144 9144 13716 13716 9304 9304 13956 13956 9886 9886 14829 14829
7694 7694 11541 11541 9904 9904 14856 14856 10314 10314 15471 15471 9736 9736 14604 14604
0 2 3 4
4 0 4 3
3 4 0 2
4 4 4 0
0 2 3 4 6
4 0 4 3 8
3 4 0 2 6
4 4 4 0 8
6 6 6 6 0
0.1313 0.135308333 0.137366667 0.139208333 0.230425
1.313 1.353083333 1.373666667 1.392083333 2.30425
0 0 0 0
1.020408163 0 1.022222222 0 0
0 124.9 174.984 236.44
242.4 0 233.312 177.33
181.8 249.8 0 118.22
242.4 249.8 233.312 0
0 124.9 171.18 236.44 510.48
237.552 0 228.24 177.33 680.64
178.164 249.8 0 118.22 510.48
237.552 249.8 228.24 0 680.64
356.328 374.7 342.36 354.66 0