12 16 112 3
51000
02 03 04 07 09
01 02 05 06 08 10 11
02 03 04 07 09 12
912 2256 984 6960 1080
480 360 960 456 960 672 960
672 1608 912 3192 840 1128
168 168 168 168 168 168 168 168 168 168 168 168 168 168 168 168
168 168 168 168 168 168 168 168 168 168 168 168 168 168 168 168
168 168 168 168 168 168 168 168 168 168 168 168 168 168 168 168
0.026315789 0.010638298 0.024390244 0.003448276 0.022222222
0.05 0.066666667 0.025 0.052631579 0.025 0.035714286 0.025
0.035714286 0.014925373 0.026315789 0.007518797 0.028571429 0.021276596
178 1982 1628 646 5926 1081 20913 465 1508 715 1103 1219
0 0 0 0 0 0 0 0 0 0 0 0
280 280 420 420 0 0 0 0 0 0 0 0 0 0 0 0
2700 2700 4050 4050 2700 2700 4050 4050 2700 2700 4050 4050 2700 2700 4050 4050
900 900 1350 1350 0 0 0 0 0 0 0 0 0 0 0 0
400 400 600 600 400 400 600 600 400 400 600 600 400 400 600 600
1900 1900 2849 2849 1118 1118 1678 1678 1681 1681 2522 2522 1465 1465 2198 2198
97 97 146 146 165 165 248 248 133 133 200 200 148 148 222 222
5600 5600 8400 8400 6000 6000 9000 9000 6000 6000 9000 9000 6000 6000 9000 9000
80 80 120 120 90 90 135 135 100 100 150 150 100 100 150 150
760 760 1140 1140 760 760 1140 1140 800 800 1200 1200 800 800 1200 1200
246 246 369 369 199 199 299 299 163 163 244 244 160 160 241 241
246 246 368 368 200 200 300 300 160 160 240 240 160 160 240 240
600 600 900 900 1500 1500 2250 2250 1500 1500 2250 2250 1540 1540 2310 2310
0 7 5 6.5 6.5
7.5 0 7 7.5 8
5.5 6.5 0 7 6
7 8 7.5 0 5
6 7.5 6.5 4.5 0
0 7 5 6 4 5.5 5.5
6.5 0 7.5 7.5 6.5 7.5 7.5
5.5 7 0 4 5.5 3 3
6.5 7 5 0 6 5 5
5.5 6.5 6 5.5 0 5 5
7 9 4.5 6.5 6.5 0 5
7 9 4.5 6.5 6.5 5 0
0 7 5 6.5 6.5 7
7.5 0 7 7.5 8 2
5.5 6.5 0 7 6 6.5
7 8 7.5 0 5 8
6 7.5 6.5 4.5 0 7.5
6.5 1.5 6 7.5 7 0
0.293583333 0.358691667 0.192291667 0.367141667 0.218291667 0.2977 0.042791667 0.21645 0.26975 0.233891667 0.211358333 0.182758333
2.935833333 3.586916667 1.922916667 3.671416667 2.182916667 2.977 0.427916667 2.1645 2.6975 2.338916667 2.113583333 1.827583333
0 0 0 0 0
0 1.533333333 0 0 0 0 0
0.357142857 0.402985075 0.078947368 1.180451128 0.285714286 0
0 192.5 100 97.5 97.5
187.5 0 140 112.5 120
137.5 178.75 0 105 90
175 220 150 0 75
150 206.25 130 67.5 0
0 175 137.5 165 110 165 165
178.75 0 206.25 206.25 178.75 225 225
151.25 175 0 110 151.25 90 90
178.75 175 137.5 0 165 150 150
151.25 162.5 165 151.25 0 150 150
192.5 225 123.75 178.75 178.75 0 150
192.5 225 123.75 178.75 178.75 150 0
0 192.5 100 97.5 97.5 192.5
187.5 0 140 112.5 120 55
137.5 178.75 0 105 90 178.75
175 220 150 0 75 220
150 206.25 130 67.5 0 206.25
162.5 41.25 120 112.5 105 0
