8 16 112 4
105000
01 03 06
02 04 05 07
01 02 03 04 05 06 07 08
02 04 05 07
1368 1224 2496
1139.04 1008 1008 1992
1128 1258.08 936 1128 1128 1968 2184 2352
2112 1800 1872 3048
168 168 168 168 168 168 168 168 168 168 168 168 168 168 168 168
168 168 168 168 168 168 168 168 168 168 168 168 168 168 168 168
168 168 168 168 168 168 168 168 168 168 168 168 168 168 168 168
168 168 168 168 168 168 168 168 168 168 168 168 168 168 168 168
0.01754386 0.019607843 0.009615385
0.021070375 0.023809524 0.023809524 0.012048193
0.021276596 0.019076688 0.025641026 0.021276596 0.021276596 0.012195122 0.010989011 0.010204082
0.011363636 0.013333333 0.012820513 0.007874016
10759 12286 3678 15251 4351 7155 6689 9238
0 0 0 0 0 0 0 0
3621 3621 5431 5431 3887 3887 5831 5831 4628 4628 6942 6942 4620 4620 6930 6930
13626 13626 20440 20440 14623 14623 21934 21934 17419 17419 26129 26129 17385 17385 26077 26077
561 561 842 842 641 641 962 962 827 827 1240 1240 552 552 827 827
2263 2263 3395 3395 2427 2427 3640 3640 2894 2894 4341 4341 2711 2711 4067 4067
1160 1160 1739 1739 1173 1173 1759 1759 1207 1207 1811 1811 1087 1087 1631 1631
2281 2281 3422 3422 1782 1782 2673 2673 2118 2118 3178 3178 2118 2118 3177 3177
4890 4890 7336 7336 3815 3815 5723 5723 4539 4539 6808 6808 4538 4538 6807 6807
2384 2384 3577 3577 2911 2911 4366 4366 2758 2758 4137 4137 2654 2654 3981 3981
0 2 2
2 0 2
2 2 0
0 2 2 2
2 0 2 2
2 2 0 2
2 2 2 0
0 5 2 5 5 2 5 8
5 0 5 2 2 5 2 8
2 5 0 5 5 2 5 8
5 2 5 0 2 5 2 8
5 2 5 2 0 5 2 8
2 5 2 5 5 0 5 8
5 2 5 2 2 5 0 8
8 8 8 8 8 8 8 0
0 2 2 2
2 0 2 2
2 2 0 2
2 2 2 0
0.554341667 0.576333333 0.619666667 0.625625 0.650758333 0.32175 0.355658333 0.4212
5.543416667 5.763333333 6.196666667 6.25625 6.507583333 3.2175 3.556583333 4.212
0 0 0
1.854193005 1.785714286 1.857142857 1.530120482
1.212765957 1.678748569 1.307692308 1.595744681 1.659574468 1.268292683 1.395604396 0
0 0 0 0
0 175.032 185.328
175.0014 0 185.328
175.0014 175.032 0
0 145.53 151.3764 163.4934
151.49232 0 151.3764 163.4934
151.49232 145.53 0 163.4934
151.49232 145.53 151.3764 0
0 557.7488 178.464 542.85 564.658 194.832 597.506 1219.2768
480.998 0 446.16 217.14 225.8632 487.08 239.0024 1219.2768
192.3992 557.7488 0 542.85 564.658 194.832 597.506 1219.2768
480.998 223.09952 446.16 0 225.8632 487.08 239.0024 1219.2768
480.998 223.09952 446.16 217.14 0 487.08 239.0024 1219.2768
192.3992 557.7488 178.464 542.85 564.658 0 597.506 1219.2768
480.998 223.09952 446.16 217.14 225.8632 487.08 0 1219.2768
769.5968 892.39808 713.856 868.56 903.4528 779.328 956.0096 0
0 259.875 281.1276 250.1646
280.896 0 281.1276 250.1646
280.896 259.875 0 250.1646
280.896 259.875 281.1276 0
