4 16 96 2
6100
01 02 03
03 04
144 192 168
144 144
168 168 168 168 168 168 168 168 168 168 168 168 168 168 168 168
168 168 168 168 168 168 168 168 168 168 168 168 168 168 168 168
0.166666667 0.125 0.142857143
0.166666667 0.166666667
540 1676 247 0
0 0 0 0
79 79 118 118 77 77 115 115 108 108 161 161 109 109 163 163
48 40 70 20 40 48 72 70 60 60 90 90 68 65 98 98
72 72 108 108 71 71 107 107 127 127 161 161 126 126 169 169
66 66 99 99 66 66 99 99 66 66 99 99 66 66 99 99
0 6 1
8 0 5
6 10 0
0 0.9
0.5 0
0.790075 0.835575 0.494541667 0.611108333
7.90075 8.35575 4.945416667 6.111083333
0 0 0
1.52471 0
0 450 450
450 0 450
450 450 0
0 250
250 0
