pequena.txt,1714,1714,0,0.031,0.063,9
pequena.txt,1714,1714,0,0.015,0.031,9
pequena.txt,1714,1714,0,0.016,0.031,9
P1.txt,31550.5,0.078,Optimal
P1.txt,31550.5,0.062,Optimal
P1.txt,31550.5,0.063,Optimal
P1.txt,31901.2,44615.3,0.284972,95.5,100.031,18700
P1.txt,31901.2,44615.3,0.284972,95.641,100.047,18700
P1.txt,31901.2,44587.8,0.284531,99.078,100.031,18800
P1.txt,31901.2,44615.3,0.284972,96.047,100.031,18677
P1.txt,31901.2,44626.6,0.285152,94.313,100.047,18700
P1.txt,31901.2,44615.3,0.284972,95.75,100.031,18699
P1.txt,31901.6,44608.6,0.284854,95.063,100.047,19000
P1.txt,31793.6,45288.7,0.297979,9.594,10.047,1830
P1.txt,31793.6,45087.7,0.29485,9.625,10.031,1251
P1.txt,31793.6,45444,0.30038,9.281,10.063,1200
P1.txt,31793.6,45320.4,0.298471,9.156,10.031,1600
P1.txt,31793.6,45087.7,0.29485,9.469,10.047,1300
P1.txt,31793.6,45444,0.30038,9.281,10.047,1200
P1.txt,31793.6,45451,0.300486,6.875,10.031,1100
P1.txt,31793.6,45451,0.300486,6.922,10.047,1100
P1.txt,31793.6,45451,0.300486,6.922,10.032,1100
P1.txt,31793.6,45263.9,0.297595,9.297,10.047,1700
P1.txt,31793.6,45444,0.30038,9.125,10.046,1200
P1.txt,31793.6,45263.9,0.297595,9.422,10.047,1700
P1.txt,31793.6,44781.7,0.290032,9.61,10.016,1800
P1.txt,31793.6,45087.7,0.29485,9.453,10.047,1300
P1.txt,31793.6,45451,0.300486,7.031,10.031,1017
