104329
0 - 4,1,41
0 - 4,1,42
1 - 4,1,43
0 - 4,1,44
0 - 4,1,45
0 - 4,1,46
0 - 4,1,47
0 - 4,1,48
1 - 4,1,49
1 - 4,1,50
1 - 4,1,51
1 - 4,1,52
1 - 4,1,53
0 - 4,1,54
0 - 4,1,55
0 - 4,1,56
0 - 4,1,57
0 - 4,1,58
1 - 4,1,59
1 - 4,1,60
1 - 4,1,61
1 - 4,1,62
1 - 4,1,63
0 - 4,1,64
0 - 4,1,65
0 - 4,1,66
1 - 4,1,67
1 - 4,1,68
1 - 4,1,69
1 - 4,1,70
1 - 4,1,71
1 - 4,1,72
1 - 4,1,73
0 - 4,1,74
0 - 4,1,75
0 - 4,1,76
104329
-0 - 4,1,41
1 - 4,1,42
1 - 4,1,43
1 - 4,1,44
-0 - 4,1,45
-0 - 4,1,46
-0 - 4,1,47
1 - 4,1,48
1 - 4,1,49
1 - 4,1,50
1 - 4,1,51
1 - 4,1,52
1 - 4,1,53
-0 - 4,1,54
-0 - 4,1,55
-0 - 4,1,56
-0 - 4,1,57
-0 - 4,1,58
-0 - 4,1,59
1 - 4,1,60
1 - 4,1,61
1 - 4,1,62
-0 - 4,1,63
-0 - 4,1,64
-0 - 4,1,65
-0 - 4,1,66
1 - 4,1,67
1 - 4,1,68
1 - 4,1,69
1 - 4,1,70
1 - 4,1,71
1 - 4,1,72
1 - 4,1,73
1 - 4,1,74
-0 - 4,1,75
-0 - 4,1,76
104329
0 - 4,1,41
0 - 4,1,42
1 - 4,1,43
0 - 4,1,44
0 - 4,1,45
0 - 4,1,46
0 - 4,1,47
0 - 4,1,48
1 - 4,1,49
1 - 4,1,50
1 - 4,1,51
1 - 4,1,52
1 - 4,1,53
0 - 4,1,54
0 - 4,1,55
0 - 4,1,56
0 - 4,1,57
0 - 4,1,58
1 - 4,1,59
1 - 4,1,60
1 - 4,1,61
1 - 4,1,62
1 - 4,1,63
0 - 4,1,64
0 - 4,1,65
0 - 4,1,66
1 - 4,1,67
1 - 4,1,68
1 - 4,1,69
1 - 4,1,70
1 - 4,1,71
1 - 4,1,72
1 - 4,1,73
0 - 4,1,74
0 - 4,1,75
0 - 4,1,76
105207
0 - 4,1,31
0 - 4,1,32
1 - 4,1,33
1 - 4,1,34
1 - 4,1,35
1 - 4,1,36
1 - 4,1,37
0 - 4,1,38
0 - 4,1,39
0 - 4,1,40
0 - 4,1,41
0 - 4,1,42
1 - 4,1,43
1 - 4,1,44
1 - 4,1,45
1 - 4,1,46
1 - 4,1,47
1 - 4,1,48
1 - 4,1,49
0 - 4,1,50
0 - 4,1,51
0 - 4,1,52
0 - 4,1,53
0 - 4,1,54
0 - 4,1,55
0 - 4,1,56
1 - 4,1,57
1 - 4,1,58
1 - 4,1,59
1 - 4,1,60
1 - 4,1,61
1 - 4,1,62
1 - 4,1,63
0 - 4,1,64
0 - 4,1,65
106059
0 - 4,1,11
0 - 4,1,12
0 - 4,1,13
0 - 4,1,14
1 - 4,1,15
1 - 4,1,16
1 - 4,1,17
1 - 4,1,18
0 - 4,1,19
0 - 4,1,20
0 - 4,1,21
0 - 4,1,22
1 - 4,1,23
1 - 4,1,24
1 - 4,1,25
1 - 4,1,26
0 - 4,1,27
0 - 4,1,28
0 - 4,1,29
0 - 4,1,30
0 - 4,1,31
0 - 4,1,32
0 - 4,1,33
0 - 4,1,34
1 - 4,1,35
1 - 4,1,36
1 - 4,1,37
1 - 4,1,38
0 - 4,1,39
0 - 4,1,40
0 - 4,1,41
0 - 4,1,42
1 - 4,1,43
104609
0 - 4,1,1
0 - 4,1,2
0 - 4,1,3
0 - 4,1,4
0 - 4,1,5
0 - 4,1,6
0 - 4,1,7
0 - 4,1,8
0 - 4,1,9
0 - 4,1,10
0 - 4,1,11
1 - 4,1,12
1 - 4,1,13
1 - 4,1,14
1 - 4,1,15
1 - 4,1,16
1 - 4,1,17
0 - 4,1,18
0 - 4,1,19
0 - 4,1,20
0 - 4,1,21
0 - 4,1,22
0 - 4,1,23
0 - 4,1,24
1 - 4,1,25
1 - 4,1,26
1 - 4,1,27
0 - 4,1,28
0 - 4,1,29
0 - 4,1,30
0 - 4,1,31
0 - 4,1,32
104476
0 - 3,0,61
0 - 3,0,62
0 - 3,0,63
0 - 3,0,64
0 - 3,0,65
0 - 3,0,66
0 - 3,0,67
0 - 3,0,68
0 - 3,0,69
0 - 3,0,70
0 - 3,0,71
0 - 3,0,72
0 - 3,0,73
0 - 3,0,74
0 - 3,0,75
0 - 3,0,76
0 - 3,0,77
0 - 3,0,78
-0 - 3,0,79
0 - 3,0,80
0 - 4,1,1
0 - 4,1,2
0 - 4,1,3
0 - 4,1,4
0 - 4,1,5
0 - 4,1,6
0 - 4,1,7
0 - 4,1,8
0 - 4,1,9
0 - 4,1,10
106979
0 - 3,0,51
0 - 3,0,52
0 - 3,0,53
0 - 3,0,54
-0 - 3,0,55
-0 - 3,0,56
0 - 3,0,57
0 - 3,0,58
-0 - 3,0,59
0 - 3,0,60
0 - 3,0,61
0 - 3,0,62
0 - 3,0,63
0 - 3,0,64
-0 - 3,0,65
0 - 3,0,66
0 - 3,0,67
0 - 3,0,68
0 - 3,0,69
0 - 3,0,70
0 - 3,0,71
0 - 3,0,72
0 - 3,0,73
0 - 3,0,74
0 - 3,0,75
-0 - 3,0,76
-0 - 3,0,77
-0 - 3,0,78
-0 - 3,0,79
