0 0 0 0 0 0 0 0 0 0 0 0 0 0 0 0 
0 0 0 0 0 0 0 0 0 0 0 0 0 0 0 0 
0 0 0 0 0 0 0 0 0 0 0 0 0 0 0 0 
0 0 0 0 0 0 0 0 0 0 0 0 0 0 0 0 
0 0 0 0 0 0 0 0 0 0 0 0 0 0 0 0 
0 0 0 0 0 0 0 0 0 0 0 0 0 0 0 0 
0 0 0 0 0 0 0 0 0 0 0 0 0 0 0 0 
0 0 0 0 0 0 0 0 0 0 0 0 0 0 0 0 
0 0 0 0 0 0 0 0 0 0 0 0 0 0 0 0 
0 0 0 0 0 0 0 0 0 0 0 0 0 0 0 0 
0 0 0 0 0 0 0 0 0 0 0 0 0 0 0 0 
0 0 0 0 0 0 0 0 0 0 0 0 0 0 0 0 

0 489.576 0 0 53.7202 1019.22 0 0 0 0 2032.69 2839.19 2570 0 0 0 
311 137 0 0 925 0 140 0 0 0 0 0 909 0 0 1.13687e-13 
1117 165 289.26 0 102.22 1226.76 283.764 1000 2.27374e-13 0 0 962.612 661.612 1934 922 0 
726 0 943 1.44385e-11 0 0 120.456 3576 2666 1835 889 0 0 0 0 0 
384 0 146 0 0 0 0 2.27374e-13 0 0 0 0 0 0 55 0 
1187 230 223 141 0 0 921 1.02318e-12 746.192 1044 0 32.8865 0 1016 0 33 
1773 0 5.82077e-11 96 1815 -2.27374e-13 1706 5.82077e-11 163 3754 1819 0 1784 0 1716 0 
162 903 1.13687e-13 894 0 885 -1.13687e-13 586 0 1893 917 -1.13687e-13 519 1815 865 0 
556 0 0 0 0 0 0 0 0 0 0 0 0 0 0 0 
575 1821 0 1804 0 0 796.758 0 0 57 0 0 0 0 1746 0 
261 183 979 0 0 0 0 0 0 0 0 0 0 0 0 0 
448 0 0 0 0 0 1728 0 0 0 0 0 0 0 1738 0 


0 0 0 0 0 0 0 0 0 0 0 0 0 0 0 0 0 0 0 0 0 0 0 0 0 0 0 0 0 0 729 0 0 0 0 0 0 0 0 0 0 0 0 0 0 0 0 0 0 0 0 0 0 0 0 0 0 0 0 0 0 0 0 0 0 0 0 0 0 0 0 0 0 0 0 0 0 0 0 0 0 0 0 0 0 0 0 0 0 0 0 0 0 0 0 0 0 0 0 0 0 0 0 0 0 0 0 0 0 0 0 0 



0 0 0 0 0 0 0 0 0 0 0 0 0 0 0 0 945 0 0 0 945 0 0 0 0 1733 0 0 0 0 0 0 0 0 1728 0 0 0 0 0 0 1768 0 0 0 7.34413e-13 0 1710 0 0 0 0 1662 0 0 0 0 0 0 0 0 1814 0 0 0 0 0 1656 0 0 1885 0 0 0 0 0 3.63798e-12 0 0 0 0 0 0 1772 1791 0 0 0 0 0 0 0 0 0 1738 0 0 0 0 945 0 0 0 945 0 1617 0 0 0 0 0 0 


0 0 0 0 0 0 0 0 0 0 0 0 1635 0 0 0 0 0 0 2.27374e-13 0 0 0 0 1867 0 0 0 0 0 0 -2.92175e-11 0 1.13687e-13 0 0 1800 0 0 0 0 0 0 0 0 -1.13687e-13 0 0 0 0 0 0 0 0 0 1446 353 0 0 0 0 0 0 0 0 0 2750 0 0 0 0 0 0 0 0 0 0 0 0 0 0 0 0 0 0 0 0 0 0 1446 0 2196 0 0 0 0 0 0 0 0 0 0 0 0 0 0 0 -2.92175e-11 0 0 0 0 
1159 0 0 0 0 0 0 0 0 0 0 0 0 1175 0 1749 0 0 0 0 0 0 0 0 0 0 1884 0 1732 0 0 0 0 0 0 1773 0 0 0 0 0 0 0 1714 0 0 0 0 0 1666 0 0 0 0 0 0 0 1818 0 0 0 0 0 1660 0 0 0 0 0 0 0 0 0 0 0 1890 0 0 0 0 0 0 1776 0 0 0 1795 0 0 0 0 0 1742 0 0 0 0 0 1839 0 0 0 0 0 0 0 0 0 0 0 1676 0 

0 0 0 0 0 0 0 0 0 0 0 822 0 0 0 0 0 0 0 1705 0 0 0 0 0 0 0 0 0 0 0 822 79 0 0 0 0 822 100 0 0 0 0 0 891 0 0 0 0 0 0 0 0 866 0 0 0 0 0 945 0 0 0 0 863 0 0 0 0 0 0 0 0 0 0 0 982 0 0 923 0 0 0 0 0 0 0 933 0 0 0 0 0 906 0 0 0 0 0 0 956 0 0 0 0 0 0 0 871 0 0 0 



0 0 0 0 0 0 0 0 0 0 0 0 1339.64 0 0 0 0 0 0 0 0 0 0 0 0 2779 0 0 1242.72 0 0 0 0 0 0 0 851 0 1548.82 0 0 0 0 0 0 1509.78 0 0 0 0 0 0 0 0 0 0 0 0 0 851 0 1831 0 2448 0 0 0 0 0 0 0 0 0 0 0 2474.71 0 3427.5 0 0 0 0 0 0 0 0 0 0 2378.81 0 0 0 0 0 0 0 0 0 0 0 0 0 910.46 0 0 0 0 0 0 0 0 0 


507 0 507 0 0 0 0 0 140 0 0 0 0 0 0 507 0 1311 0 0 0 0 1.45519e-11 0 0 1.44385e-11 0 0 0 0 0 0 0 0 867 887 0 0 0 1.02318e-12 0 0 0 0 0 0 0 0 978.456 4289.54 0 0 -4.54747e-13 0 0 0 0 0 0 0 0 0 0 0 0 0 0 0 0 0 0 0 0 0 0 0 0 0 0 0 0 0 0 0 0 898 0 0 0 0 0 872 0 0 0 0 0 0 0 0 0 0 0 0 921 0 0 0 839 0 0 0 


0 1694 0 0 0 0 0 0 0 0 0 0 0 0 0 0 0 0 0 1791 0 0 0 0 0 0 0 0 0 0 0 0 0 0 0 0 0 0 0 0 0 0 0 0 0 0 0 0 0 0 0 0 0 0 0 0 0 0 0 0 0 0 0 0 0 0 0 0 0 0 0 0 0 0 0 0 0 0 0 0 0 0 0 0 0 0 0 0 0 0 0 0 0 0 0 0 0 0 0 0 0 0 0 0 0 0 0 0 0 0 0 0 

0 0 0 0 0 0 0 0 0 0 0 0 0 0 0 0 0 0 0 0 0 0 0 0 0 0 0 0 0 0 0 0 0 0 0 0 0 0 0 0 0 0 0 0 0 0 0 0 0 0 0 0 0 0 0 0 0 0 0 0 0 0 0 0 0 0 0 0 0 0 0 0 0 0 0 0 0 0 0 0 0 0 0 0 0 0 0 0 0 0 0 0 0 0 0 0 0 0 0 0 0 0 0 0 0 0 0 0 0 0 0 0 
0 0 0 0 0 0 0 0 0 0 0 0 0 0 0 0 0 0 0 0 0 0 0 0 0 0 0 0 0 0 0 0 0 0 0 0 0 0 0 0 0 0 0 0 0 0 0 0 0 0 0 0 0 0 0 0 0 0 0 0 0 0 0 0 0 0 0 0 0 0 0 0 0 0 0 0 0 0 0 0 0 0 0 0 0 0 0 0 0 0 0 0 0 0 0 0 0 0 0 0 0 0 0 0 0 0 0 0 0 0 0 0 

0 0 0 0 0 0 0 0 0 0 0 0 0 1348 1813 0 0 0 0 0 1.81899e-12 1953 0 0 0 0 0 0 0 0 0 0 0 1797 0 0 0 0 0 0 0 1838 0 0 3506 0 0 0 0 0 0 0 0 0 0 0 1265 621 0 0 0 0 0 0 0 1721 0 0 0 0 1960 0 0 0 0 0 0 0 1265 0 0 0 577 0 1862 0 0 0 0 0 0 0 0 0 0 0 1265 542 3646 0 0 0 0 0 0 0 0 0 0 0 0 0 


1606 0 0 0 0 0 0 0 1703.93 0 0 0 0 0 0 2090.42 0 0 0 0 0 0 0 0 0 0 0 0 0 0 0 0 638 0 0 1180.68 0 0 0 0 0 0 0 0 0 0 0 0 0 0 0 2458 0 0 0 0 0 0 0 0 0 0 0 0 0 0 0 0 0 0 0 0 2345.99 0 0 0 0 0 0 0 0 0 0 0 0 0 0 0 0 0 0 0 0 0 0 0 0 0 0 0 0 0 0 1802.54 0 0 0 0 2472 0 0 0 
0 0 0 0 0 0 0 0 0 0 0 0 0 729 0 0 0 0 775 0 0 0 0 982 0 0 0 0 0 0 1829 0 0 0 0 0 0 0 0 0 0 0 0 0 0 0 0 1034 0 0 0 0 0 729 0 0 948 0 0 0 0 0 0 0 0 0 0 866 0 0 0 0 0 986 0 0 0 0 0 0 0 0 927 0 0 0 1845 0 0 0 0 0 0 0 0 0 0 0 959 0 0 0 0 0 0 0 0 0 0 874 1.24203e-11 0 
0 0 0 0 0 0 0 0 0 0 0 0 0 0 0 0 1086.26 0 0 0 0 0 0 0 746.74 0 0 0 0 0 0 1055.22 0 0 0 0 0 0 0 686 1413.54 0 0 0 0 0 0 0 0 0 1633.24 0 0 0 0 0 0 0 0 0 0 0 0 0 913 0 0 0 0 0 0 0 0 0 0 0 1039 1939.61 0 0 0 0 0 0 0 0 0 0 686 0 0 0 0 0 2230.39 0 0 0 0 0 0 0 0 0 0 0 0 0 0 0 0 0 

0 1055 0 0 0 0 0 1343 0 0 0 0 0 0 0 0 0 0 0 0 0 0 0 0 0 0 0 0 0 0 0 0 0 0 0 0 0 0 0 0 0 0 0 0 0 0 0 0 0 0 0 0 0 0 0 0 0 0 0 0 0 0 0 0 0 0 0 0 0 0 0 0 0 0 0 0 0 0 0 0 0 0 0 0 0 0 0 0 0 0 0 0 0 0 0 0 0 0 0 0 0 0 0 0 0 0 0 0 0 0 0 0 
0 0 0 0 0 0 0 0 0 -3.60956e-12 0 0 0 0 0 0 0 0 0 0 959 0 0 0 0 0 959 0 816 0 0 0 0 0 0 0 959 20 0 0 0 0 1868 0 0 0 0 0 0 0 0 0 0 0 0 0 0 0 0 0 1751.19 0 -1.02318e-12 1214.81 0 0 0 0 0 0 0 0 0 0 0 0 0 0 0 1013.89 0 0 0 0 0 0 0 959.114 0 0 0 1979 0 0 0 0 0 0 0 0 0 0 0 0 0 0 0 0 0 0 0 959 
0 0 0 0 0 0 0 0 0 0 0 0 0 0 0 0 0 0 0 0 0 0 0 0 0 2025 0 0 0 3493 0 0 0 0 0 0 0 0 0 0 0 0 0 2025 1437 0 0 0 0 0 0 0 5.82077e-11 5.79803e-11 0 0 0 0 0 2025 0 0 0 0 0 5291 0 0 0 0 0 0 0 0 0 0 0 0 0 0 0 0 0 0 0 0 0 0 0 0 3622 0 0 0 0 0 0 0 0 0 0 3600 0 0 0 0 0 0 0 0 0 0 


0 0 0 0 0 0 0 0 0 0 3049 0 0 0 0 0 0 0 0 0 0 3766 0 0 0 0 0 0 0 0 0 0 0 0 0 0 0 0 0 0 0 1846 0 0 0 0 0 0 2582.76 938.242 0 0 0 0 0 0 0 0 1894 0 0 0 0 0 0 0 0 0 1786 0 1911 0 0 0 0 0 0 0 3.63798e-12 0 0 0 0 1850 2.65743e-11 1870 0 0 0 0 0 0 0 0 0 0 1815 0 0 0 3662 0 0 0 0 0 0 0 0 0 0 0 

0 0 0 0 0 0 0 0 0 0 0 0 0 0 0 0 0 0 0 0 0 0 0 0 0 0 0 0 0 0 0 0 0 0 0 0 0 0 0 0 0 0 0 0 0 0 0 0 0 0 0 0 0 0 0 0 0 0 0 0 0 0 0 0 0 0 0 0 0 0 0 0 0 0 0 0 0 0 0 0 0 0 0 0 0 0 0 0 0 0 0 0 0 0 0 0 0 0 0 0 0 0 0 0 0 0 0 0 0 0 0 0 


