8 16 112 2
13969
4 7 1 6 5 3 2
7 4 8 1 3 6 5
34286 9796 3256 309 2656 2909 275
2162 925 2857 1637 1834 10667 573
160 160 160 160 160 160 160 160 160 160 160 160 160 160 160 160
160 160 160 160 160 160 160 160 160 160 160 160 160 160 160 160
0.0014 0.0049 0.0172 0.0259 0.0241 0.0110 0.0291
0.0185 0.0173 0.0168 0.0342 0.0349 0.0015 0.0279
1769 3321 3938 2614 6 1352 3619 3186
275 493 213 262 473 342 220 328
953 890 829 769 833 768 997 1018 979 915 805 887 938 744 923 888
1622 1515 1411 1309 1417 1308 1697 1733 1667 1557 1371 1511 1597 1267 1572 1512
810 757 704 654 708 653 847 865 832 778 685 755 798 633 785 755
1942 1814 1689 1567 1697 1566 2031 2075 1996 1864 1642 1809 1912 1517 1882 1810
1915 1789 1665 1545 1673 1544 2003 2046 1968 1838 1619 1784 1886 1496 1856 1785
1250 1168 1087 1009 1092 1008 1307 1335 1284 1200 1057 1164 1231 976 1211 1165
2052 1917 1784 1656 1793 1654 2146 2192 2108 1970 1735 1911 2020 1603 1988 1912
1127 1053 980 909 985 908 1179 1204 1158 1082 953 1050 1110 880 1092 1050
0 3 3 2 3 5 3
5 0 4 3 5 4 5
3 2 0 4 2 2 3
3 4 3 0 2 5 3
2 3 5 3 0 5 3
3 4 5 5 2 0 2
3 5 4 5 3 5 0
0 3 3 3 5 2 3
4 0 3 5 2 3 5
5 4 0 5 2 4 3
2 4 2 0 4 3 4
5 3 5 3 0 3 5
3 5 3 2 2 0 3
3 5 4 4 4 5 0
0.3302 0.3862 0.2863 0.3173 0.4149 0.3558 0.4163 0.3070
3.6444 4.2399 3.5029 4.7123 5.7781 4.3132 4.3064 3.1137
0.0012 0.0044 0.0148 0.0259 0.0220 0.0111 0.0268
0.0195 0.0161 0.0168 0.0319 0.0298 0.0015 0.0246
0 82 90 63 85 133 81
149 0 106 81 141 118 154
97 60 0 128 64 53 96
95 114 84 0 64 144 78
61 78 136 85 0 154 78
96 126 136 156 53 0 61
86 152 110 136 86 141 0
0 96 91 82 133 54 92
122 0 81 138 60 93 156
152 124 0 156 63 110 78
62 124 65 0 128 81 105
139 94 162 83 0 81 136
93 141 89 56 55 0 87
90 154 109 124 127 133 0
