8 16 112 2
12596
1 2 3 4 5 6 8
1 3 4 5 7 8
4238 1745 936 805 3944 2685 3567
563 2010 340 1221 385 1127
160 160 160 160 160 160 160 160 160 160 160 160 160 160 160 160
160 160 160 160 160 160 160 160 160 160 160 160 160 160 160 160
0.0151 0.0275 0.0171 0.0298 0.0142 0.0149 0.0157
0.0284 0.0199 0.0235 0.0131 0.0208 0.0284
2539 1590 2485 859 965 1596 1146 1415
0 0 0 0 0 0 0 0
1821 1860 1448 1494 1579 1847 1459 1503 1534 1939 1594 1822 1915 1472 1480 1739
931 951 740 764 808 944 746 769 784 991 815 931 979 753 756 889
1817 1857 1445 1492 1577 1844 1456 1501 1531 1935 1591 1818 1911 1469 1477 1736
1714 1750 1363 1406 1486 1738 1373 1415 1444 1825 1500 1714 1802 1385 1392 1637
1720 1757 1368 1412 1492 1745 1378 1420 1449 1832 1506 1721 1809 1391 1398 1643
931 951 741 764 808 945 746 769 785 992 815 932 979 753 757 890
903 922 718 741 783 916 723 745 760 961 790 903 949 730 733 862
1749 1787 1391 1436 1517 1774 1401 1444 1474 1863 1531 1750 1839 1414 1421 1671
0 2 5 2 3 3 4
5 0 3 3 2 2 5
5 4 0 5 3 4 2
4 4 5 0 5 2 5
4 3 5 5 0 4 2
2 5 2 5 3 0 2
5 4 5 4 4 4 0
0 5 3 3 4 2
5 0 4 4 3 5
4 5 0 4 5 5
2 2 4 0 5 5
4 2 5 5 0 5
5 2 3 5 3 0
0.3179 0.5116 0.3206 0.3310 0.5346 0.2861 0.3200 0.3833
3.4023 7.4737 4.2318 3.3232 6.9219 3.5812 3.6309 5.0808
0.0000 0.0000 0.0000 0.0131 0.0053 0.0000 0.0000
0.0076 0.0023 0.0000 0.0000 0.0000 0.0186
0 49 121 45 69 69 92
118 0 72 60 46 43 113
100 90 0 107 66 85 42
85 99 121 0 107 44 101
83 69 122 121 0 96 46
48 117 45 105 68 0 47
106 96 103 83 98 97 0
0 107 69 66 97 41
121 0 83 89 67 122
85 101 0 83 108 100
46 45 88 0 115 110
99 49 117 112 0 117
101 44 61 122 72 0
