8 16 112 2
13736
1 3 4 5 7 8
1 2 5 6 7 8
588 2471 3237 1472 1067 2273
2443 342 1839 295 2278 3077
160 160 160 160 160 160 160 160 160 160 160 160 160 160 160 160
160 160 160 160 160 160 160 160 160 160 160 160 160 160 160 160
0.0272 0.0259 0.0173 0.0163 0.0300 0.0176
0.0131 0.0234 0.0261 0.0271 0.0281 0.0208
3259 2143 2680 2048 768 1265 1227 346
0 0 0 0 0 0 0 0
1940 2124 1866 1826 2185 1905 2035 1725 1558 2028 2191 2193 2091 1631 1849 1672
1000 1095 962 941 1126 982 1049 889 803 1045 1129 1131 1078 841 953 862
1031 1129 992 971 1162 1013 1082 917 828 1078 1165 1166 1112 867 983 889
994 1089 957 936 1120 977 1043 884 798 1040 1123 1124 1072 836 948 857
1794 1965 1726 1689 2021 1762 1883 1596 1441 1876 2026 2029 1934 1508 1710 1546
949 1039 913 893 1068 932 995 844 762 992 1071 1073 1023 797 904 817
1821 1994 1752 1715 2051 1788 1911 1619 1462 1904 2056 2059 1963 1531 1735 1569
1769 1938 1703 1666 1993 1738 1857 1574 1421 1850 1998 2001 1908 1488 1686 1525
0 3 2 4 5 5
4 0 4 4 3 4
3 5 0 5 2 4
4 4 2 0 3 4
5 2 4 5 0 4
3 2 3 5 4 0
0 2 2 5 3 5
4 0 3 4 4 4
5 5 0 2 5 4
2 5 5 0 5 4
3 4 4 4 0 4
4 2 3 5 2 0
0.3982 0.3024 0.4197 0.3988 0.3474 0.3996 0.5173 0.4741
4.9759 3.8117 5.2084 5.1959 5.1571 5.9213 6.5369 5.7132
0.0144 0.0000 0.0000 0.0000 0.0082 0.0000
0.0000 0.0000 0.0129 0.0000 0.0000 0.0071
0 66 40 91 112 118
90 0 80 95 73 87
67 107 0 121 45 96
89 96 47 0 71 90
108 49 90 121 0 98
72 43 66 101 97 0
0 49 49 112 69 108
93 0 74 89 90 90
105 105 0 48 108 89
49 121 120 0 116 90
72 88 99 96 0 98
86 49 68 106 48 0
