8 16 112 2
11397
1 2 3 5 6 8
1 3 4 5 6 7
1655 329 1584 1185 293 1399
1805 315 658 1611 482 1137
160 160 160 160 160 160 160 160 160 160 160 160 160 160 160 160
160 160 160 160 160 160 160 160 160 160 160 160 160 160 160 160
0.0290 0.0243 0.0202 0.0135 0.0273 0.0286
0.0133 0.0254 0.0243 0.0149 0.0166 0.0211
287 2375 1829 1814 1050 3685 357 0
0 0 0 0 0 0 0 480
1608 1620 1660 1479 1789 1520 1684 1612 1585 1503 1649 1523 1654 1623 1489 1633
935 942 965 860 1040 884 979 937 921 874 959 885 962 944 866 949
1699 1711 1753 1563 1889 1606 1779 1703 1674 1588 1742 1608 1747 1714 1573 1725
902 909 931 830 1003 853 945 904 889 843 925 854 928 910 835 916
1653 1665 1706 1521 1838 1563 1731 1657 1629 1545 1695 1565 1700 1668 1530 1679
1808 1821 1866 1663 2010 1709 1893 1812 1781 1690 1854 1711 1859 1824 1673 1835
817 823 843 751 908 772 855 819 805 763 838 773 840 824 756 829
796 801 821 732 885 752 833 798 784 744 816 753 818 803 737 808
0 3 4 5 4 5
3 0 4 4 5 3
5 3 0 2 3 4
4 5 2 0 4 2
2 3 4 4 0 4
4 5 4 3 5 0
0 4 4 3 5 3
3 0 4 2 4 3
5 4 0 3 2 2
5 4 2 0 2 4
4 2 5 4 0 3
4 2 3 4 4 0
0.3358 0.3639 0.4305 0.4666 0.3009 0.5199 0.3463 0.4937
4.9264 4.6049 5.4384 6.8806 3.1754 6.2286 3.9337 7.1106
0.0073 0.0000 0.0000 0.0000 0.0108 0.0000
0.0000 0.0026 0.0000 0.0013 0.0000 0.0000
0 71 99 115 89 102
64 0 89 94 122 71
117 74 0 41 73 96
98 118 43 0 83 47
46 70 99 90 0 94
96 115 89 60 108 0
0 92 95 69 120 69
64 0 88 46 82 72
110 94 0 61 48 48
115 94 44 0 46 97
82 45 117 97 0 63
95 45 64 82 97 0
