8 16 112 2
12957
2 3 4 6 7
1 2 3 4 5 8
491 1942 360 2909 2128
1967 1717 1993 1967 1391 640
160 160 160 160 160 160 160 160 160 160 160 160 160 160 160 160
160 160 160 160 160 160 160 160 160 160 160 160 160 160 160 160
0.0163 0.0206 0.0222 0.0165 0.0188
0.0244 0.0233 0.0281 0.0122 0.0230 0.0250
2032 1051 145 1642 566 3178 1903 2439
0 0 0 0 0 0 0 0
1204 860 1116 1079 1046 951 1052 1103 1035 1034 1206 1003 990 955 1162 1058
2207 1577 2046 1978 1918 1743 1929 2023 1898 1896 2211 1838 1816 1751 2130 1940
2147 1534 1990 1924 1865 1695 1877 1968 1846 1844 2150 1788 1766 1703 2072 1887
2246 1605 2083 2013 1952 1774 1964 2059 1932 1930 2250 1871 1848 1782 2168 1975
1106 790 1026 991 961 874 967 1014 951 950 1108 921 910 878 1068 972
1280 915 1187 1147 1112 1011 1119 1173 1101 1100 1282 1066 1053 1015 1236 1125
1195 854 1108 1071 1038 944 1045 1095 1028 1027 1197 996 983 948 1154 1051
1231 880 1141 1103 1069 972 1076 1128 1059 1057 1233 1025 1013 976 1188 1082
0 2 2 4 2
3 0 5 3 3
4 3 0 3 5
3 2 4 0 3
4 5 3 5 0
0 3 5 3 3 2
2 0 2 3 5 2
5 3 0 4 4 4
2 4 5 0 2 2
2 4 4 3 0 3
5 5 2 5 2 0
0.3701 0.3545 0.3582 0.4694 0.4556 0.4269 0.2837 0.3455
5.2850 3.7852 4.4264 5.7175 5.7881 5.4128 3.6310 3.5390
0.0000 0.0000 0.0099 0.0000 0.0000
0.0000 0.0093 0.0072 0.0000 0.0000 0.0000
0 49 47 95 43
60 0 115 69 70
84 64 0 64 103
63 44 88 0 65
92 108 60 122 0
0 63 122 74 74 45
45 0 49 60 105 41
100 69 0 89 82 84
49 81 116 0 40 42
41 86 83 60 0 72
101 112 48 108 49 0
