8 16 112 2
10808
1 4 5 6 7
2 3 5 7 8
3137 3000 1898 2832 667
2078 354 1798 2370 2892
160 160 160 160 160 160 160 160 160 160 160 160 160 160 160 160
160 160 160 160 160 160 160 160 160 160 160 160 160 160 160 160
0.0204 0.0160 0.0295 0.0226 0.0240
0.0231 0.0226 0.0267 0.0135 0.0166
2026 819 412 1431 2650 265 1189 2016
0 0 0 0 0 0 0 0
1001 989 1068 971 1140 1016 964 1126 1025 1057 1133 1124 1100 977 1046 1031
933 922 996 906 1063 947 899 1050 956 986 1057 1049 1026 911 976 961
910 900 972 884 1037 924 877 1024 933 962 1031 1023 1001 889 952 938
967 956 1032 939 1102 982 932 1088 991 1022 1096 1087 1063 945 1011 996
1923 1900 2052 1866 2191 1952 1853 2164 1970 2031 2178 2161 2113 1878 2010 1981
902 892 963 876 1028 916 869 1015 924 953 1022 1014 992 881 943 929
1841 1820 1965 1787 2098 1869 1774 2072 1886 1945 2085 2069 2024 1798 1925 1896
1000 988 1067 971 1139 1015 964 1125 1024 1056 1133 1124 1099 977 1046 1030
0 3 4 3 3
3 0 4 2 5
5 2 0 5 3
4 3 3 0 4
5 5 5 4 0
0 2 4 2 3
5 0 2 2 3
2 3 0 4 3
4 3 5 0 2
5 5 5 5 0
0.5281 0.4942 0.5313 0.5113 0.4907 0.3882 0.5251 0.4367
7.7572 6.9938 5.5963 7.5780 5.7862 5.1979 5.8898 6.3802
0.0000 0.0000 0.0062 0.0000 0.0104
0.0000 0.0000 0.0000 0.0000 0.0000
0 61 89 66 70
69 0 99 41 112
116 47 0 111 66
98 66 71 0 85
118 110 116 93 0
0 46 93 41 64
116 0 47 42 65
45 63 0 83 73
84 72 123 0 47
112 115 116 112 0
