12 16 112 3
18556
2 3 4 7 8 9 12
1 6 7 12
5 6 9 10 11
3030 1231 627 779 1384 1194 891
2083 1106 1043 1042
1875 1387 1187 938 947
160 160 160 160 160 160 160 160 160 160 160 160 160 160 160 160
160 160 160 160 160 160 160 160 160 160 160 160 160 160 160 160
160 160 160 160 160 160 160 160 160 160 160 160 160 160 160 160
0.0132 0.0260 0.0383 0.0308 0.0289 0.0335 0.0359
0.0192 0.0217 0.0230 0.0384
0.0128 0.0173 0.0337 0.0341 0.0338
2458 1056 1720 2180 821 2354 1707 797 2335 1240 266 1621
0 0 0 0 0 0 0 0 0 0 0 0
1125 1092 1076 1091 1172 1241 1085 1238 1140 1220 1193 1150 1177 1074 1147 1122
1044 1014 999 1013 1088 1152 1007 1150 1059 1133 1107 1068 1093 998 1064 1042
1082 1051 1036 1050 1128 1194 1044 1192 1097 1174 1148 1107 1133 1034 1103 1080
1109 1077 1061 1075 1155 1223 1069 1221 1124 1203 1176 1134 1161 1059 1130 1106
1031 1001 986 1000 1074 1137 994 1135 1045 1118 1093 1054 1079 985 1051 1028
2102 2042 2012 2039 2190 2319 2027 2315 2132 2280 2230 2149 2200 2008 2143 2097
2065 2006 1976 2003 2151 2278 1991 2274 2094 2240 2190 2111 2162 1973 2105 2060
1029 1000 985 998 1072 1136 993 1133 1044 1117 1092 1052 1077 983 1049 1027
2101 2041 2010 2038 2189 2318 2026 2314 2131 2279 2229 2148 2199 2007 2142 2096
1055 1024 1009 1023 1099 1164 1017 1161 1069 1144 1119 1078 1104 1008 1075 1052
999 970 956 969 1041 1102 963 1100 1013 1083 1059 1021 1045 954 1018 997
2060 2001 1971 1998 2146 2273 1987 2268 2089 2235 2185 2106 2156 1968 2100 2055
0 6 7 7 7 6 5
5 0 6 6 5 8 6
5 5 0 6 6 6 5
8 5 5 0 6 5 8
7 7 6 7 0 6 8
8 5 5 5 8 0 5
8 7 7 5 6 6 0
0 7 5 7
7 0 5 5
7 6 0 7
5 8 5 0
0 5 6 7 6
6 0 8 5 6
7 5 0 8 8
8 6 6 0 5
6 7 6 6 0
0.3086 0.2708 0.2865 0.2086 0.3053 0.3074 0.3014 0.2256 0.2388 0.2504 0.2771 0.2425
3.8561 3.4590 4.1575 2.4573 3.6847 4.0411 3.0868 2.5407 2.5613 3.2546 3.8296 3.4270
0.0000 0.0000 0.0000 0.0103 0.0000 0.0000 0.0085
0.0000 0.0096 0.0000 0.0000
0.0000 0.0000 0.0054 0.0000 0.0000
0 109 138 133 114 138 95
133 0 99 96 137 156 137
115 113 0 165 127 97 124
200 94 99 0 120 96 129
100 162 132 153 0 114 160
193 108 130 122 115 0 130
182 108 185 107 143 145 0
0 126 114 190
149 0 135 140
127 120 0 191
95 139 79 0
0 105 170 113 168
95 0 174 126 94
156 101 0 220 133
213 114 110 0 72
167 197 93 166 0
