12 16 112 3
19929
2 10 11
1 2 3 4 5 6 8 11
2 4 5 7 9 10 12
884 1727 1172
3175 1420 2920 1329 1250 1935 1739 1258
2376 1818 1805 772 822 1237 1140
160 160 160 160 160 160 160 160 160 160 160 160 160 160 160 160
160 160 160 160 160 160 160 160 160 160 160 160 160 160 160 160
160 160 160 160 160 160 160 160 160 160 160 160 160 160 160 160
0.0362 0.0139 0.0273
0.0126 0.0169 0.0137 0.0301 0.0256 0.0124 0.0184 0.0318
0.0101 0.0132 0.0133 0.0311 0.0292 0.0194 0.0351
2784 1721 173 1047 0 3523 2475 2681 532 473 2077 2444
0 0 0 0 370 0 0 0 0 0 0 0
1000 1066 1203 1204 1108 1075 1207 1017 1118 1062 1175 1109 1182 1099 1206 1205
2656 2830 3195 3198 2943 2854 3205 2700 2970 2821 3120 2945 3139 2918 3204 3200
865 921 1040 1041 958 929 1043 879 967 918 1016 959 1022 950 1043 1042
1765 1881 2124 2126 1956 1897 2131 1795 1974 1875 2074 1958 2086 1939 2130 2127
1711 1823 2058 2060 1896 1839 2065 1739 1913 1817 2010 1897 2022 1880 2064 2061
1039 1107 1249 1250 1151 1116 1253 1056 1161 1103 1220 1152 1227 1141 1253 1251
984 1049 1184 1185 1091 1058 1188 1000 1100 1045 1156 1091 1163 1081 1187 1186
995 1060 1197 1198 1102 1069 1201 1011 1112 1057 1169 1103 1176 1093 1200 1199
883 941 1062 1063 979 949 1066 898 988 938 1038 979 1044 970 1065 1064
1736 1849 2088 2090 1923 1865 2095 1764 1941 1843 2039 1924 2051 1907 2094 2091
1819 1938 2188 2190 2016 1955 2195 1849 2034 1932 2137 2017 2150 1998 2194 2192
983 1047 1182 1183 1089 1056 1186 999 1099 1044 1154 1089 1161 1079 1185 1184
0 6 8
5 0 5
7 5 0
0 6 8 6 5 6 5 8
6 0 7 8 8 8 5 8
6 6 0 5 6 8 6 5
6 8 6 0 7 5 7 6
8 8 7 6 0 8 8 6
5 7 6 7 8 0 8 7
5 5 6 6 5 6 0 6
5 8 5 5 7 7 7 0
0 7 5 7 5 6 8
8 0 7 7 6 7 5
6 7 0 7 5 5 8
5 8 6 0 5 5 5
6 8 6 7 0 6 5
5 6 8 8 5 0 8
7 6 6 6 8 6 0
0.2074 0.2881 0.2629 0.2774 0.2796 0.2184 0.2820 0.2446 0.2016 0.2531 0.2534 0.2040
2.4155 3.5016 2.9577 3.0848 3.4179 2.8826 4.1579 2.6038 2.5840 3.4746 2.8325 2.5537
0.0219 0.0000 0.0000
0.0000 0.0091 0.0000 0.0205 0.0175 0.0000 0.0000 0.0091
0.0000 0.0000 0.0000 0.0000 0.0000 0.0073 0.0000
0 86 115
116 0 140
145 135 0
0 100 208 134 89 117 72 147
139 0 106 174 122 155 125 122
102 128 0 90 120 169 144 100
110 177 139 0 134 80 141 120
154 177 185 156 0 130 204 122
137 111 164 177 180 0 160 124
127 129 154 150 124 138 0 87
100 131 102 92 187 136 118 0
0 194 107 173 133 90 157
220 0 105 103 154 102 101
141 103 0 142 120 77 176
118 140 132 0 110 96 136
114 139 96 195 0 125 76
84 149 187 149 103 0 176
148 128 138 111 132 103 0
