12 16 112 3
18011
1 3 4 6 9
2 3 4 7 8 11 12
4 5 7 10
1983 1589 1887 1498 3810
997 1667 1000 3478 1187 1290 1067
1882 1212 1786 1633
160 160 160 160 160 160 160 160 160 160 160 160 160 160 160 160
160 160 160 160 160 160 160 160 160 160 160 160 160 160 160 160
160 160 160 160 160 160 160 160 160 160 160 160 160 160 160 160
0.0121 0.0151 0.0212 0.0267 0.0105
0.0321 0.0144 0.0400 0.0115 0.0337 0.0248 0.0225
0.0170 0.0330 0.0224 0.0196
1932 1460 1792 3483 2841 1125 361 0 0 2476 1974 567
0 0 0 0 0 0 0 385 316 0 0 0
1149 1089 1068 1098 1147 1117 1060 1156 1123 1154 1161 1144 1139 1120 1059 1110
1121 1062 1041 1071 1118 1089 1034 1127 1095 1126 1132 1116 1111 1092 1033 1082
2174 2059 2020 2077 2169 2113 2005 2186 2124 2183 2195 2164 2155 2118 2003 2099
3309 3134 3074 3161 3301 3215 3052 3328 3233 3323 3341 3294 3280 3223 3049 3195
1204 1141 1119 1151 1201 1170 1111 1211 1177 1209 1216 1199 1194 1173 1110 1163
1101 1043 1023 1052 1098 1070 1015 1107 1075 1106 1111 1096 1091 1072 1014 1063
2088 1977 1940 1995 2083 2029 1926 2100 2040 2097 2108 2079 2069 2034 1924 2016
1033 978 960 987 1031 1004 953 1039 1009 1037 1043 1028 1024 1006 952 997
1033 978 960 987 1031 1004 953 1039 1009 1037 1043 1028 1024 1006 952 997
1182 1120 1098 1130 1180 1149 1090 1189 1155 1187 1194 1177 1172 1152 1089 1142
1152 1091 1070 1101 1149 1119 1063 1159 1125 1157 1163 1147 1142 1122 1061 1112
1067 1011 991 1020 1065 1037 984 1073 1043 1072 1077 1062 1058 1040 983 1030
0 6 8 7 8
7 0 7 7 5
5 7 0 7 6
7 7 7 0 6
8 8 8 7 0
0 7 5 7 6 7 6
7 0 8 6 5 7 8
7 8 0 6 8 6 5
7 5 8 0 7 8 8
8 7 8 7 0 5 5
8 5 5 8 5 0 5
8 7 8 8 5 8 0
0 6 7 6
7 0 7 8
8 6 0 8
7 7 7 0
0.2157 0.2456 0.2392 0.2150 0.2465 0.3324 0.2446 0.2742 0.3109 0.2127 0.2339 0.3105
2.9612 2.6767 2.7240 2.7787 3.3677 3.3323 3.0797 3.8002 4.3941 3.0112 2.8630 3.1218
0.0000 0.0000 0.0031 0.0000 0.0000
0.0000 0.0007 0.0136 0.0000 0.0000 0.0000 0.0000
0.0000 0.0000 0.0118 0.0000
0 145 123 160 115
134 0 122 186 100
72 197 0 115 161
137 143 160 0 117
118 122 210 187 0
0 165 95 197 114 138 141
166 0 144 152 83 130 227
183 156 0 109 198 136 71
131 113 171 0 135 181 131
161 135 153 140 0 82 88
184 120 99 162 77 0 101
136 117 194 179 78 221 0
0 153 126 122
142 0 121 171
166 152 0 219
188 187 112 0
