12 16 112 3
19782
1 3 4 5 6 9 11
1 2 4 5 8 9 10 11
3 5 6 7 12
3765 2254 2857 2025 1810 842 1266
3571 1180 1348 1444 1481 1639 1379 1319
1963 906 1418 638 700
160 160 160 160 160 160 160 160 160 160 160 160 160 160 160 160
160 160 160 160 160 160 160 160 160 160 160 160 160 160 160 160
160 160 160 160 160 160 160 160 160 160 160 160 160 160 160 160
0.0085 0.0142 0.0112 0.0158 0.0221 0.0380 0.0316
0.0112 0.0339 0.0178 0.0277 0.0270 0.0244 0.0290 0.0182
0.0163 0.0265 0.0282 0.0376 0.0343
1862 885 3034 1443 3134 1002 3010 303 3324 350 1435 0
0 0 0 0 0 0 0 0 0 0 0 499
1819 1749 1673 1895 1769 1923 1688 1647 1803 1604 1709 1896 1790 1685 1754 1698
907 872 834 945 882 959 842 821 899 800 852 945 892 840 874 847
1890 1817 1738 1969 1838 1998 1754 1711 1873 1667 1776 1970 1860 1751 1822 1765
1793 1725 1650 1868 1745 1896 1665 1624 1778 1582 1686 1869 1765 1662 1729 1675
2749 2644 2528 2864 2674 2907 2552 2490 2725 2425 2584 2865 2705 2547 2650 2567
1767 1699 1625 1841 1719 1868 1640 1600 1751 1558 1661 1841 1739 1637 1703 1650
1035 996 952 1078 1007 1095 961 937 1026 913 973 1079 1019 959 998 967
871 838 802 908 848 921 809 789 864 769 819 908 858 807 840 814
1907 1834 1754 1987 1855 2017 1770 1727 1890 1682 1793 1988 1877 1767 1839 1781
874 841 804 911 850 924 812 792 867 771 822 911 860 810 843 816
1793 1724 1649 1868 1744 1896 1664 1624 1777 1582 1685 1869 1765 1661 1729 1674
853 820 785 889 830 902 792 773 846 752 802 889 840 790 822 797
0 7 5 6 8 5 5
8 0 6 6 5 6 5
5 6 0 7 6 5 5
5 8 5 0 5 6 7
6 5 5 7 0 8 5
8 6 7 5 5 0 6
6 8 7 7 6 8 0
0 7 5 7 6 5 8 8
8 0 6 7 7 5 5 7
8 5 0 5 8 7 7 7
5 8 6 0 6 5 6 6
6 6 7 6 0 8 5 8
7 6 7 6 7 0 8 5
6 5 6 6 5 7 0 7
7 6 8 5 5 7 5 0
0 7 8 5 7
7 0 8 7 6
8 6 0 6 7
8 6 6 0 5
6 5 8 5 0
0.2402 0.3386 0.2229 0.2857 0.3263 0.2632 0.3295 0.2284 0.3203 0.3040 0.3348 0.2928
3.3535 3.4606 2.9784 3.2238 3.8179 3.2079 3.5328 2.4538 4.2468 4.3203 4.3537 4.2782
0.0000 0.0027 0.0000 0.0000 0.0000 0.0060 0.0178
0.0028 0.0000 0.0050 0.0159 0.0000 0.0000 0.0000 0.0000
0.0000 0.0159 0.0137 0.0000 0.0000
0 181 126 136 123 72 105
155 0 147 87 142 168 131
102 124 0 141 147 75 130
95 150 112 0 126 95 136
154 82 76 106 0 114 100
146 92 190 118 85 0 145
147 134 134 161 157 226 0
0 140 137 139 160 81 122 139
130 0 107 111 193 125 110 102
153 100 0 77 129 175 125 131
135 205 102 0 167 76 161 105
124 168 127 138 0 114 72 125
170 142 198 113 146 0 162 121
139 109 115 99 110 121 0 138
117 90 220 77 80 172 120 0
0 168 168 78 187
169 0 118 170 106
169 89 0 135 194
216 88 102 0 100
151 125 212 96 0
