12 16 112 3
18875
5 6 7 9 10
2 3 4 9 11 12
1 2 8
1495 1493 805 1434 1250
1053 1558 1416 2062 1205 2516
1015 1758 1220
160 160 160 160 160 160 160 160 160 160 160 160 160 160 160 160
160 160 160 160 160 160 160 160 160 160 160 160 160 160 160 160
160 160 160 160 160 160 160 160 160 160 160 160 160 160 160 160
0.0214 0.0268 0.0298 0.0279 0.0320
0.0304 0.0154 0.0226 0.0194 0.0332 0.0159
0.0394 0.0182 0.0328
750 1481 1736 2672 0 2174 0 1748 2350 2467 1602 1895
0 0 0 0 497 0 191 0 0 0 0 0
1218 1294 1175 1228 1218 1275 1148 1259 1211 1270 1122 1303 1204 1292 1200 1157
2435 2587 2348 2456 2435 2549 2295 2517 2421 2540 2244 2604 2406 2583 2400 2313
1275 1355 1230 1286 1276 1335 1202 1319 1268 1330 1175 1364 1261 1353 1257 1211
1330 1413 1283 1341 1330 1392 1253 1375 1322 1387 1226 1423 1315 1411 1311 1263
1174 1247 1132 1184 1174 1229 1107 1214 1167 1225 1082 1256 1161 1246 1157 1115
1301 1382 1255 1312 1301 1362 1226 1345 1294 1357 1199 1392 1286 1380 1282 1236
1174 1247 1132 1184 1174 1229 1107 1214 1167 1225 1082 1256 1161 1246 1157 1115
1276 1356 1231 1287 1276 1336 1203 1319 1269 1331 1176 1365 1261 1354 1258 1212
2486 2641 2397 2507 2486 2602 2342 2569 2471 2592 2291 2658 2456 2636 2450 2361
1318 1400 1271 1329 1318 1380 1242 1363 1311 1375 1215 1410 1303 1398 1299 1252
1268 1347 1223 1278 1268 1327 1195 1310 1260 1322 1168 1356 1253 1345 1249 1204
1285 1365 1239 1296 1285 1345 1211 1328 1277 1340 1184 1374 1270 1363 1266 1220
0 6 7 8 6
7 0 8 7 7
7 6 0 8 7
7 7 7 0 6
6 7 5 7 0
0 6 8 7 6 6
8 0 5 5 7 6
5 7 0 5 5 6
6 7 6 0 7 5
5 5 8 6 0 8
7 5 8 6 5 0
0 8 6
8 0 5
8 7 0
0.2078 0.3053 0.2405 0.2495 0.2379 0.2717 0.2504 0.3108 0.2067 0.2587 0.2606 0.2677
2.3483 4.1030 2.9177 2.7309 3.2126 2.7684 3.1766 4.6131 2.1804 3.1123 3.8298 2.9891
0.0000 0.0000 0.0000 0.0049 0.0000
0.0160 0.0000 0.0000 0.0000 0.0000 0.0000
0.0000 0.0000 0.0000
0 102 182 185 121
111 0 209 183 137
142 146 0 203 101
139 191 139 0 163
155 169 139 150 0
0 104 185 137 99 132
178 0 101 90 149 138
117 126 0 77 138 170
133 198 118 0 127 87
95 123 166 152 0 186
109 130 125 109 109 0
0 121 85
176 0 105
155 104 0
