16 16 112 4
40445
3 5 8 13 15
9 10 11 14 16
7 10 11 12 15
1 2 3 4 6 14 15 16
4571 3429 4571 5714 4571
4571 4571 3429 3429 3429
5714 3429 3429 5714 4571
4571 3429 4571 5714 3429 5714 5714 4571
160 160 160 160 160 160 160 160 160 160 160 160 160 160 160 160
160 160 160 160 160 160 160 160 160 160 160 160 160 160 160 160
160 160 160 160 160 160 160 160 160 160 160 160 160 160 160 160
160 160 160 160 160 160 160 160 160 160 160 160 160 160 160 160
0.0070 0.0070 0.0070 0.0070 0.0070
0.0070 0.0070 0.0070 0.0070 0.0070
0.0070 0.0070 0.0070 0.0070 0.0070
0.0070 0.0070 0.0070 0.0070 0.0070 0.0070 0.0070 0.0070
3099 583 1833 1840 3846 2639 3444 1719 3068 2300 3647 1920 2911 1166 3656 2775
0 0 0 0 0 0 0 0 0 0 0 0 0 0 0 0
1674 1183 1038 1437 1672 1818 1851 1073 913 1590 1085 939 916 1537 1112 1540
1493 1055 926 1281 1491 1621 1651 956 814 1418 967 838 817 1370 992 1374
3033 2144 1881 2603 3029 3294 3354 1944 1654 2881 1966 1702 1660 2785 2015 2791
1583 1119 982 1359 1581 1719 1751 1014 863 1504 1026 888 867 1454 1052 1457
1728 1221 1071 1483 1725 1876 1910 1107 942 1641 1120 969 946 1586 1148 1590
1641 1159 1018 1408 1639 1782 1814 1051 895 1558 1063 921 898 1506 1090 1510
1699 1200 1053 1458 1697 1845 1878 1089 926 1613 1101 953 930 1560 1128 1563
1575 1113 976 1351 1572 1710 1741 1009 859 1495 1020 883 862 1446 1046 1449
1672 1181 1037 1435 1669 1816 1848 1071 912 1588 1083 938 915 1535 1110 1538
3067 2167 1902 2632 3063 3331 3392 1965 1673 2913 1987 1721 1679 2816 2037 2822
3164 2236 1962 2715 3160 3436 3499 2027 1726 3005 2050 1775 1732 2905 2102 2912
1589 1123 985 1364 1587 1726 1757 1018 867 1509 1030 892 870 1459 1056 1462
1660 1173 1030 1425 1658 1803 1836 1064 905 1577 1076 932 909 1524 1103 1528
2985 2110 1851 2562 2982 3242 3301 1913 1628 2835 1935 1675 1634 2741 1983 2747
4615 3262 2862 3961 4609 5013 5104 2957 2517 4384 2991 2590 2526 4237 3066 4247
3101 2192 1923 2662 3097 3368 3429 1987 1691 2946 2010 1740 1698 2847 2060 2854
0 4 2 2 3
5 0 4 4 4
2 5 0 4 3
4 5 2 0 4
3 2 2 4 0
0 4 5 2 5
3 0 5 4 4
5 2 0 4 2
3 3 2 0 4
2 4 2 2 0
0 3 4 4 5
5 0 4 3 3
5 5 0 3 5
2 5 3 0 4
5 2 4 5 0
0 3 2 2 5 5 3 5
5 0 4 2 5 3 4 5
3 5 0 3 3 3 4 3
5 4 5 0 3 3 3 3
2 2 5 3 0 3 3 5
2 5 4 3 3 0 5 3
3 5 3 2 5 2 0 2
5 3 2 4 3 4 5 0
0.5103 0.5190 0.3456 0.5884 0.3242 0.7345 0.4333 0.4516 0.8192 0.5326 0.4745 0.3419 0.8085 0.5755 0.7337 0.5735
7.0901 6.9960 3.9912 6.0720 3.5099 7.6866 6.4188 6.1548 8.8107 7.5136 6.5914 4.1658 11.4260 6.4776 10.3820 7.5125
0.0007 0.0000 0.0000 0.0000 0.0000
0.0000 0.0000 0.0000 0.0015 0.0000
0.0000 0.0015 0.0009 0.0000 0.0002
0.0000 0.0000 0.0000 0.0000 0.0000 0.0000 0.0009 0.0008
0 122 93 56 106
205 0 198 196 138
83 220 0 103 112
195 221 55 0 111
79 57 71 185 0
0 160 178 67 238
119 0 173 110 192
240 52 0 132 66
114 91 74 0 108
97 180 67 77 0
0 143 117 120 203
236 0 191 93 145
187 243 0 131 246
85 240 148 0 121
245 80 140 248 0
0 105 60 70 156 146 96 131
228 0 133 94 230 145 140 201
108 235 0 136 79 110 170 112
168 126 231 0 87 149 103 105
60 60 191 79 0 77 96 210
71 177 154 113 119 0 188 85
120 150 96 71 183 69 0 50
248 104 55 177 138 165 212 0
