16 16 112 4
46137
1 3 7 9
6 8 11 16
2 14 15 16
2 4 5 10 12 13
4571 4571 4571 5714
5714 3429 3429 5714
3429 3429 3429 5714
3429 5714 4571 4571 4571 5714
160 160 160 160 160 160 160 160 160 160 160 160 160 160 160 160
160 160 160 160 160 160 160 160 160 160 160 160 160 160 160 160
160 160 160 160 160 160 160 160 160 160 160 160 160 160 160 160
160 160 160 160 160 160 160 160 160 160 160 160 160 160 160 160
0.0070 0.0070 0.0070 0.0070
0.0070 0.0070 0.0070 0.0070
0.0070 0.0070 0.0070 0.0070
0.0070 0.0070 0.0070 0.0070 0.0070 0.0070
3292 481 6210 0 1506 6004 4784 7457 1847 1531 5698 0 1487 2074 3767 0
0 0 0 1858 0 0 0 0 0 0 0 1502 0 0 0 1198
2116 2126 1963 2288 1535 2230 2380 2060 2021 1237 2091 1421 1748 1591 1718 1508
3836 3854 3559 4148 2783 4044 4315 3736 3664 2244 3790 2576 3170 2884 3114 2734
2305 2315 2138 2492 1672 2430 2592 2245 2202 1348 2277 1548 1905 1733 1871 1643
1902 1911 1765 2057 1380 2006 2140 1853 1817 1113 1880 1278 1572 1430 1545 1356
2000 2009 1856 2163 1451 2108 2250 1948 1910 1170 1976 1343 1653 1504 1624 1425
2291 2302 2126 2478 1663 2416 2577 2232 2189 1340 2264 1539 1894 1723 1860 1633
2212 2223 2053 2392 1605 2332 2489 2155 2113 1294 2186 1486 1828 1664 1796 1577
2386 2397 2213 2580 1731 2515 2683 2323 2279 1395 2357 1602 1971 1794 1937 1700
2022 2031 1876 2187 1467 2132 2274 1969 1932 1183 1998 1358 1671 1520 1642 1441
2002 2011 1857 2165 1452 2110 2251 1949 1912 1171 1978 1344 1654 1505 1625 1427
2272 2282 2108 2456 1648 2395 2555 2212 2170 1329 2245 1526 1877 1708 1844 1619
1902 1911 1765 2057 1380 2006 2140 1853 1817 1113 1880 1278 1572 1430 1545 1356
1999 2008 1854 2161 1450 2107 2248 1947 1909 1169 1975 1342 1652 1503 1623 1424
2037 2046 1890 2203 1478 2147 2291 1984 1946 1191 2013 1368 1683 1531 1654 1452
2146 2156 1991 2321 1558 2263 2414 2090 2050 1255 2121 1441 1774 1614 1743 1530
3805 3823 3530 4114 2761 4011 4280 3705 3634 2225 3760 2555 3144 2861 3089 2712
0 3 2 2
4 0 5 4
5 2 0 2
4 2 5 0
0 2 5 5
5 0 2 3
2 4 0 3
5 4 2 0
0 3 3 4
5 0 5 5
2 4 0 3
4 2 4 0
0 2 4 3 5 2
2 0 4 2 4 5
4 3 0 4 2 2
3 4 2 0 2 4
2 3 4 2 0 3
4 2 4 4 4 0
0.7355 0.5468 0.6726 0.3795 0.8217 0.7100 0.6126 0.7922 0.3072 0.3836 0.5462 0.8670 0.7290 0.7371 0.8029 0.4746
9.3290 6.4582 9.3942 3.9625 9.9859 9.0169 6.8040 10.5371 3.7147 4.4879 6.7679 10.9346 9.8413 10.0735 11.4947 5.7356
0.0000 0.0000 0.0000 0.0000
0.0000 0.0000 0.0000 0.0007
0.0000 0.0000 0.0000 0.0000
0.0002 0.0000 0.0000 0.0000 0.0000 0.0000
0 103 90 95
128 0 215 103
141 89 0 78
120 63 168 0
0 99 166 181
212 0 81 108
75 124 0 131
176 156 93 0
0 119 93 128
218 0 235 200
88 198 0 140
173 56 194 0
0 76 133 89 165 91
57 0 144 88 156 157
126 144 0 117 87 58
75 103 62 0 72 186
79 117 179 90 0 125
126 69 103 101 198 0
