16 16 112 4
44905
9 11 12 14
5 6 7 10 15
1 2 3 4 5 8 10 15 16
6 11 12 13
3429 4571 4571 4571
4571 4571 4571 5714 4571
4571 4571 3429 4571 4571 4571 3429 5714 4571
4571 3429 5714 5714
160 160 160 160 160 160 160 160 160 160 160 160 160 160 160 160
160 160 160 160 160 160 160 160 160 160 160 160 160 160 160 160
160 160 160 160 160 160 160 160 160 160 160 160 160 160 160 160
160 160 160 160 160 160 160 160 160 160 160 160 160 160 160 160
0.0070 0.0070 0.0070 0.0070
0.0070 0.0070 0.0070 0.0070 0.0070
0.0070 0.0070 0.0070 0.0070 0.0070 0.0070 0.0070 0.0070 0.0070
0.0070 0.0070 0.0070 0.0070
1793 2060 1464 3784 2220 834 5802 5515 444 792 3473 4527 3673 4579 2690 1255
0 0 0 0 0 0 0 0 0 0 0 0 0 0 0 0
1133 1097 1408 1815 1276 1699 1986 1502 1612 1532 1879 1203 1206 1632 899 1823
1144 1108 1423 1834 1290 1717 2007 1517 1629 1548 1899 1216 1219 1649 908 1842
1118 1083 1390 1792 1260 1678 1961 1482 1592 1512 1855 1188 1191 1611 887 1800
1220 1182 1517 1956 1375 1831 2140 1618 1737 1650 2025 1296 1300 1759 968 1964
2205 2136 2741 3534 2485 3308 3867 2923 3139 2982 3659 2342 2349 3178 1750 3550
2144 2077 2665 3436 2416 3217 3760 2842 3052 2900 3558 2278 2284 3090 1702 3452
1309 1268 1627 2098 1475 1964 2296 1736 1864 1771 2172 1391 1395 1887 1039 2107
1297 1256 1612 2078 1461 1945 2274 1719 1846 1753 2151 1377 1381 1868 1029 2087
1073 1039 1334 1720 1209 1610 1882 1423 1528 1452 1781 1140 1143 1547 852 1728
2142 2075 2663 3433 2414 3214 3757 2840 3049 2897 3555 2276 2282 3087 1700 3449
2260 2189 2810 3622 2547 3391 3964 2997 3217 3057 3750 2401 2408 3257 1794 3639
2307 2234 2867 3697 2599 3461 4046 3058 3284 3120 3827 2450 2457 3324 1831 3713
1215 1177 1511 1948 1370 1823 2132 1611 1730 1644 2017 1291 1295 1752 965 1957
1255 1216 1560 2012 1414 1883 2202 1664 1787 1698 2083 1333 1337 1809 996 2021
2226 2156 2767 3567 2508 3339 3904 2951 3168 3010 3693 2364 2371 3208 1766 3583
1109 1074 1379 1777 1250 1664 1945 1470 1579 1500 1840 1178 1181 1598 880 1785
0 2 2 4
3 0 4 5
3 3 0 5
2 5 4 0
0 2 2 2 3
3 0 3 5 2
5 5 0 2 3
3 3 3 0 2
2 3 2 2 0
0 5 2 3 2 4 3 3 3
2 0 5 2 3 4 3 4 2
5 5 0 4 3 5 3 5 2
5 5 2 0 5 5 5 3 5
5 3 3 4 0 4 5 4 5
2 2 2 3 4 0 3 5 5
3 3 3 4 4 4 0 3 5
4 2 2 2 4 4 4 0 2
2 3 4 3 5 4 4 5 0
0 2 4 3
4 0 3 3
4 5 0 3
5 3 2 0
0.8041 0.5025 0.5346 0.4617 0.7705 0.8694 0.3225 0.8022 0.7628 0.4074 0.6470 0.4205 0.3539 0.5742 0.7413 0.6074
11.5449 6.3717 6.3381 5.0196 10.5777 12.6073 3.4096 11.2032 8.8599 4.9429 7.5928 5.2555 5.0368 8.0682 8.6754 9.0491
0.0000 0.0002 0.0000 0.0000
0.0000 0.0000 0.0000 0.0000 0.0000
0.0000 0.0000 0.0000 0.0000 0.0000 0.0000 0.0001 0.0013 0.0000
0.0001 0.0000 0.0000 0.0000
0 66 91 175
88 0 178 156
120 90 0 130
88 181 154 0
0 66 50 63 111
128 0 109 171 94
155 178 0 85 110
109 142 135 0 69
67 84 89 92 0
0 210 51 107 83 155 110 75 120
86 0 140 57 114 146 114 158 84
146 201 0 119 99 153 126 145 69
152 176 50 0 168 126 186 127 133
202 91 89 134 0 151 198 140 202
90 91 63 111 193 0 145 212 242
78 95 78 197 150 115 0 111 212
188 74 77 87 162 136 176 0 73
96 114 113 111 176 193 163 152 0
0 85 102 139
145 0 83 129
187 225 0 133
217 136 63 0
