16 16 112 4
43970
1 2 3 8 11 12 16
6 7 9 10 11 13 15 16
2 5 6 9 12 14
4 6 7 8 12
3429 4571 3429 4571 5714 3429 4571
3429 4571 5714 5714 5714 3429 5714 5714
5714 3429 3429 4571 5714 5714
5714 4571 4571 3429 4571
160 160 160 160 160 160 160 160 160 160 160 160 160 160 160 160
160 160 160 160 160 160 160 160 160 160 160 160 160 160 160 160
160 160 160 160 160 160 160 160 160 160 160 160 160 160 160 160
160 160 160 160 160 160 160 160 160 160 160 160 160 160 160 160
0.0070 0.0070 0.0070 0.0070 0.0070 0.0070 0.0070
0.0070 0.0070 0.0070 0.0070 0.0070 0.0070 0.0070 0.0070
0.0070 0.0070 0.0070 0.0070 0.0070 0.0070
0.0070 0.0070 0.0070 0.0070 0.0070
4772 1881 2682 4190 2366 0 5649 3596 3629 0 704 0 5291 5672 1373 2165
0 0 0 0 0 1552 0 0 0 1339 0 1011 0 0 0 0
1266 1863 1622 1488 1323 1429 1447 891 1595 1188 1239 1113 935 1663 1131 1703
2125 3127 2723 2498 2220 2399 2429 1495 2678 1994 2080 1868 1570 2791 1899 2859
1155 1699 1480 1358 1207 1304 1320 813 1455 1084 1131 1015 853 1517 1032 1554
1235 1817 1583 1452 1291 1395 1412 869 1556 1159 1209 1086 913 1622 1104 1661
1138 1675 1459 1338 1189 1285 1301 801 1434 1068 1114 1001 841 1495 1017 1531
3037 4469 3893 3571 3174 3430 3472 2137 3828 2850 2973 2671 2244 3990 2715 4086
2325 3421 2980 2733 2429 2625 2658 1636 2930 2182 2276 2044 1718 3054 2078 3128
2216 3261 2840 2605 2316 2502 2533 1559 2792 2079 2169 1948 1637 2911 1981 2981
2218 3263 2842 2607 2317 2504 2535 1561 2795 2081 2171 1950 1639 2913 1982 2983
1012 1490 1298 1190 1058 1143 1157 712 1276 950 991 890 748 1330 905 1362
2062 3035 2643 2425 2155 2329 2358 1451 2599 1935 2019 1813 1524 2709 1843 2774
3037 4469 3893 3571 3174 3430 3472 2137 3828 2850 2973 2671 2244 3990 2715 4086
1293 1903 1658 1521 1352 1461 1479 910 1630 1214 1266 1137 956 1699 1156 1740
1314 1933 1684 1544 1373 1483 1502 924 1655 1233 1286 1155 971 1726 1174 1767
1085 1597 1391 1276 1134 1226 1241 764 1368 1019 1063 954 802 1426 970 1460
2140 3149 2743 2516 2236 2416 2446 1506 2697 2008 2095 1881 1581 2811 1913 2879
0 5 3 2 2 2 3
2 0 4 3 4 3 2
3 2 0 5 3 3 4
5 5 3 0 2 3 2
5 3 4 3 0 5 5
5 2 2 2 4 0 2
2 4 4 2 3 3 0
0 2 4 3 2 5 3 3
4 0 3 2 2 2 5 3
2 4 0 5 4 5 5 5
2 3 4 0 4 5 4 2
4 3 2 4 0 2 3 2
4 3 3 5 3 0 2 5
2 4 4 5 3 2 0 3
3 3 2 2 4 5 5 0
0 3 4 2 3 5
5 0 2 2 3 5
2 3 0 4 5 5
5 5 5 0 3 3
2 3 4 4 0 5
3 4 3 5 4 0
0 2 5 3 2
5 0 3 4 2
4 5 0 4 4
3 4 3 0 4
5 5 2 2 0
0.6964 0.7123 0.5815 0.3896 0.7279 0.4789 0.8663 0.3288 0.3160 0.5984 0.4450 0.8367 0.3981 0.4982 0.4986 0.6074
9.5654 8.4203 7.2712 4.9537 7.7493 5.9755 11.8588 4.1920 3.5903 7.6760 5.3408 10.2721 4.1887 6.2229 7.0545 8.0677
0.0000 0.0000 0.0000 0.0000 0.0000 0.0000 0.0019
0.0003 0.0008 0.0022 0.0000 0.0003 0.0000 0.0000 0.0000
0.0009 0.0000 0.0015 0.0000 0.0010 0.0000
0.0000 0.0000 0.0000 0.0003 0.0010
0 238 75 61 60 58 99
83 0 135 144 140 89 51
126 92 0 191 96 97 117
147 226 91 0 97 114 85
190 105 107 102 0 211 166
198 60 52 82 150 0 75
74 164 176 75 126 146 0
0 81 116 113 79 248 96 141
114 0 78 56 94 71 125 88
62 199 0 245 111 212 155 195
65 120 175 0 124 187 152 75
135 106 51 147 0 62 90 74
177 126 132 218 118 0 90 243
76 111 171 248 90 53 0 87
78 118 72 75 181 135 125 0
0 146 184 97 84 176
148 0 73 73 84 141
96 109 0 179 191 238
166 247 240 0 76 122
71 147 134 147 0 238
111 128 121 223 182 0
0 86 193 114 97
221 0 129 139 74
104 215 0 116 101
144 137 90 0 149
198 242 96 76 0
