16 16 112 4
47158
1 2 7 14
3 4 6 7 10 13 16
2 4 5 8 9 12 15
2 10 11 15
5714 3429 5714 5714
3429 3429 3429 5714 5714 4571 5714
5714 4571 4571 5714 3429 4571 4571
3429 5714 3429 4571
160 160 160 160 160 160 160 160 160 160 160 160 160 160 160 160
160 160 160 160 160 160 160 160 160 160 160 160 160 160 160 160
160 160 160 160 160 160 160 160 160 160 160 160 160 160 160 160
160 160 160 160 160 160 160 160 160 160 160 160 160 160 160 160
0.0070 0.0070 0.0070 0.0070
0.0070 0.0070 0.0070 0.0070 0.0070 0.0070 0.0070
0.0070 0.0070 0.0070 0.0070 0.0070 0.0070 0.0070
0.0070 0.0070 0.0070 0.0070
2003 3618 1305 4570 4559 893 3215 1445 2559 4242 4228 1670 3625 1965 3808 3454
0 0 0 0 0 0 0 0 0 0 0 0 0 0 0 0
1415 1686 1389 2034 2113 1619 1945 1048 1124 1937 1818 1252 1936 1349 1209 2114
4124 4913 4050 5928 6159 4720 5669 3055 3277 5646 5298 3650 5643 3933 3524 6163
1380 1644 1355 1983 2061 1579 1896 1022 1096 1889 1773 1221 1888 1316 1179 2062
2858 3405 2807 4108 4268 3271 3928 2117 2271 3913 3672 2529 3911 2725 2442 4271
1544 1839 1516 2219 2305 1767 2121 1143 1226 2113 1983 1366 2112 1472 1319 2306
1359 1619 1335 1953 2030 1555 1868 1007 1080 1860 1746 1203 1859 1296 1161 2031
2790 3324 2740 4010 4167 3193 3835 2066 2217 3819 3584 2469 3817 2660 2384 4169
1387 1652 1362 1993 2071 1587 1906 1027 1102 1899 1782 1227 1897 1322 1185 2072
1443 1719 1417 2074 2155 1651 1983 1069 1146 1975 1854 1277 1974 1376 1233 2156
2842 3385 2791 4085 4244 3252 3906 2105 2258 3890 3651 2515 3888 2709 2428 4246
1527 1819 1499 2195 2280 1747 2099 1131 1213 2090 1961 1351 2089 1456 1305 2281
1398 1666 1373 2010 2088 1600 1922 1036 1111 1914 1796 1237 1913 1333 1195 2089
1497 1783 1470 2151 2235 1713 2057 1108 1189 2049 1922 1324 2048 1427 1279 2236
1413 1683 1388 2031 2110 1617 1942 1047 1123 1934 1815 1250 1933 1347 1207 2111
2820 3359 2769 4053 4211 3227 3876 2089 2240 3860 3622 2495 3858 2689 2409 4213
1488 1773 1461 2139 2222 1703 2045 1102 1182 2037 1911 1317 2036 1419 1271 2223
0 4 4 3
5 0 2 3
2 5 0 4
3 3 4 0
0 2 2 2 5 4 4
2 0 3 4 5 5 2
4 3 0 5 5 3 2
2 3 2 0 4 2 4
2 4 2 5 0 3 2
4 5 2 4 4 0 2
5 3 4 4 2 4 0
0 2 2 3 3 5 2
3 0 3 3 4 2 5
3 3 0 4 4 4 4
3 5 2 0 3 5 5
3 3 5 2 0 5 3
3 5 4 4 2 0 4
2 5 4 2 5 3 0
0 4 2 4
5 0 2 5
2 3 0 2
5 4 5 0
0.7202 0.3576 0.5080 0.6582 0.5193 0.4103 0.3934 0.6741 0.8033 0.3704 0.5643 0.3080 0.6040 0.7115 0.5192 0.8267
7.5794 4.4361 7.4142 6.8576 5.5236 5.6534 5.3435 8.1405 11.4309 5.3576 6.5148 3.2354 8.4987 8.2463 7.3570 12.3297
0.0000 0.0017 0.0000 0.0000
0.0000 0.0003 0.0000 0.0026 0.0023 0.0000 0.0000
0.0000 0.0000 0.0000 0.0000 0.0000 0.0000 0.0000
0.0016 0.0000 0.0000 0.0011
0 133 109 82
235 0 64 120
87 237 0 164
117 129 180 0
0 95 89 60 230 152 140
98 0 127 126 153 226 78
155 109 0 126 162 109 85
88 141 80 0 168 79 124
69 189 88 183 0 93 50
102 226 78 197 107 0 71
183 113 158 174 95 152 0
0 71 77 123 125 205 55
105 0 117 94 140 54 153
81 83 0 164 133 144 174
78 193 98 0 126 140 183
128 99 223 75 0 192 96
120 242 145 133 92 0 199
69 242 149 66 128 110 0
0 127 73 100
241 0 99 216
62 104 0 62
137 123 208 0
