20 16 112 5
192991
1 4 5 7 8 11 12 13 14 20
2 4 6 8 13 17 19
1 2 4 7 16 18 19 20
8 11 14 15 18
3 5 6 7 8 9 10 11 13 14 15
18667 21333 21333 16000 18667 16000 18667 21333 18667 21333
21333 18667 21333 16000 16000 21333 18667
21333 18667 18667 18667 18667 16000 21333 16000
16000 21333 16000 18667 21333
16000 21333 18667 16000 21333 18667 16000 21333 21333 18667 16000
160 160 160 160 160 160 160 160 160 160 160 160 160 160 160 160
160 160 160 160 160 160 160 160 160 160 160 160 160 160 160 160
160 160 160 160 160 160 160 160 160 160 160 160 160 160 160 160
160 160 160 160 160 160 160 160 160 160 160 160 160 160 160 160
160 160 160 160 160 160 160 160 160 160 160 160 160 160 160 160
0.0030 0.0030 0.0030 0.0030 0.0030 0.0030 0.0030 0.0030 0.0030 0.0030
0.0030 0.0030 0.0030 0.0030 0.0030 0.0030 0.0030
0.0030 0.0030 0.0030 0.0030 0.0030 0.0030 0.0030 0.0030
0.0030 0.0030 0.0030 0.0030 0.0030
0.0030 0.0030 0.0030 0.0030 0.0030 0.0030 0.0030 0.0030 0.0030 0.0030 0.0030
4545 2067 8688 9687 6655 13128 0 18892 5296 3752 11901 14614 13258 8648 4759 15585 11286 6906 19810 13515
0 0 0 0 0 0 2552 0 0 0 0 0 0 0 0 0 0 0 0 0
7956 7583 7832 8519 8446 7614 8123 5116 7822 3332 4524 2966 2028 3691 7527 2004
7767 7403 7645 8316 8244 7432 7930 4994 7636 3253 4417 2895 1979 3603 7347 1956
4469 4259 4399 4785 4743 4276 4562 2873 4393 1871 2541 1666 1139 2073 4227 1125
12154 11584 11963 13014 12901 11630 12409 7815 11949 5090 6911 4531 3097 5639 11497 3061
8118 7737 7990 8692 8617 7768 8288 5219 7981 3399 4616 3026 2069 3766 7679 2044
8612 8209 8478 9222 9142 8242 8793 5538 8467 3607 4897 3211 2195 3996 8147 2169
11413 10878 11235 12221 12115 10922 11653 7339 11221 4780 6490 4255 2909 5295 10797 2874
16662 15881 16401 17841 17687 15944 17012 10713 16381 6978 9475 6211 4246 7730 15762 4196
4209 4012 4143 4507 4468 4028 4298 2707 4138 1763 2394 1569 1073 1953 3982 1060
4091 3900 4027 4381 4343 3915 4177 2631 4022 1713 2327 1525 1043 1898 3870 1030
12323 11746 12130 13195 13081 11792 12582 7924 12115 5161 7008 4594 3141 5717 11658 3103
4922 4691 4845 5270 5224 4710 5025 3165 4839 2061 2799 1835 1254 2283 4656 1239
12427 11845 12232 13306 13191 11892 12688 7990 12217 5204 7067 4632 3167 5765 11756 3130
12074 11509 11885 12929 12817 11554 12328 7764 11871 5056 6866 4501 3077 5602 11422 3041
7973 7599 7848 8537 8463 7629 8140 5126 7838 3339 4534 2972 2032 3699 7542 2008
4996 4762 4918 5349 5303 4781 5101 3212 4912 2092 2841 1862 1273 2318 4726 1258
4667 4449 4594 4997 4954 4466 4765 3001 4589 1954 2654 1740 1189 2165 4415 1175
8137 7756 8009 8713 8637 7786 8308 5232 8000 3407 4627 3033 2074 3775 7697 2049
9123 8696 8980 9769 9684 8730 9315 5866 8970 3821 5188 3401 2325 4233 8631 2298
8642 8237 8507 9254 9173 8270 8824 5557 8496 3619 4914 3222 2202 4009 8175 2176
0 2 2 2 4 4 4 2 4 5
1 0 1 1 3 1 4 5 1 1
1 2 0 3 1 5 1 3 5 3
5 3 3 0 1 5 5 1 1 2
4 4 3 1 0 4 5 3 4 2
5 3 1 4 2 0 5 4 3 5
5 1 3 1 1 3 0 1 5 3
1 1 5 1 3 2 1 0 1 2
5 2 5 3 4 4 3 1 0 1
4 1 5 4 4 1 4 5 2 0
0 2 4 3 3 1 1
5 0 3 2 3 4 5
1 3 0 5 4 5 4
1 4 2 0 3 4 1
4 5 1 4 0 1 1
4 5 2 2 1 0 3
5 1 5 5 2 4 0
0 1 5 1 3 4 2 2
4 0 5 2 2 1 3 5
2 5 0 5 2 4 1 5
4 5 1 0 3 2 3 3
3 4 1 5 0 1 2 2
2 5 2 5 1 0 2 3
4 1 5 5 5 4 0 3
4 2 1 5 5 2 3 0
0 2 1 5 5
5 0 2 3 4
5 2 0 3 2
3 2 1 0 1
2 3 2 4 0
0 4 2 1 3 4 4 4 5 1 4
4 0 5 4 1 4 3 3 2 5 1
5 3 0 3 4 1 4 1 5 4 2
5 1 1 0 5 2 3 4 2 4 4
2 5 5 1 0 4 5 3 4 4 3
1 4 2 5 1 0 2 3 4 3 1
5 2 2 5 3 2 0 2 3 5 1
1 5 1 2 5 4 5 0 1 5 4
4 1 4 2 4 2 5 2 0 1 3
3 1 2 5 3 2 2 3 3 0 5
1 3 5 5 5 5 5 4 5 1 0
0.1647 0.1089 0.1028 0.1818 0.1651 0.1823 0.1055 0.1503 0.1023 0.1382 0.1600 0.1239 0.1724 0.1243 0.1280 0.1679 0.1804 0.1285 0.1101 0.0759
2.3043 1.3020 1.5275 2.4441 2.4498 2.5979 1.2391 1.5330 1.1152 1.5405 1.7153 1.4199 2.4273 1.5051 1.8626 2.2470 1.8979 1.7493 1.4704 0.9879
0.0001 0.0005 0.0000 0.0000 0.0003 0.0005 0.0000 0.0009 0.0000 0.0000
0.0000 0.0005 0.0000 0.0001 0.0000 0.0000 0.0002
0.0000 0.0002 0.0000 0.0004 0.0000 0.0000 0.0000 0.0002
0.0006 0.0008 0.0002 0.0000 0.0010
0.0000 0.0001 0.0002 0.0006 0.0000 0.0000 0.0000 0.0000 0.0009 0.0007 0.0008
0 235 574 357 385 1313 1193 207 888 608
253 0 78 330 724 151 397 1505 206 165
66 391 0 660 324 750 232 831 1118 819
434 882 361 0 231 1125 1608 120 91 442
1275 1229 418 121 0 1187 992 458 938 592
852 810 266 1099 600 0 340 755 912 658
857 152 917 82 111 607 0 65 1634 429
149 304 1472 294 712 180 186 0 127 380
737 586 738 590 1248 456 199 144 0 213
1076 232 917 697 822 248 948 701 529 0
0 520 1140 810 387 101 265
1450 0 272 509 684 982 1344
295 596 0 568 1224 824 732
89 590 192 0 831 384 158
1037 1682 251 390 0 246 70
525 971 584 568 286 0 881
1082 148 554 1398 198 609 0
0 178 555 226 233 424 277 232
1002 0 342 589 505 125 386 1560
205 1674 0 1204 268 469 147 1655
1358 595 314 0 317 269 951 796
552 1274 270 397 0 269 658 277
673 1584 538 1058 340 0 450 346
718 316 790 901 1697 701 0 728
1325 515 176 565 697 674 302 0
0 578 153 467 1480
675 0 375 815 1088
811 604 0 384 545
588 485 266 0 339
589 793 542 1102 0
0 1093 614 120 534 1061 1085 636 448 136 1365
766 0 412 274 247 1342 654 964 317 582 258
1255 573 0 642 850 118 525 109 855 325 294
661 296 203 0 802 469 478 840 366 290 1235
250 1050 778 258 0 805 1690 232 1032 456 432
190 916 185 830 156 0 445 566 1342 284 141
847 182 645 1367 682 376 0 167 405 370 141
199 1071 231 137 1360 617 330 0 187 1168 338
1066 99 702 228 1155 653 1224 642 0 134 677
355 134 613 642 650 598 232 942 556 0 1412
152 946 731 477 584 1252 1294 520 844 147 0
