20 16 112 5
211889
2 4 7 8 13 14
3 5 6 9 10 14 16 19
9 11 13 15 16 17 20
1 3 4 5 8 10 12 13 14 15 16
2 5 13 15 18
21333 16000 21333 18667 16000 21333
16000 21333 16000 18667 18667 21333 21333 16000
18667 18667 16000 16000 21333 21333 18667
16000 21333 18667 18667 18667 16000 16000 18667 16000 16000 18667
16000 16000 16000 18667 21333
160 160 160 160 160 160 160 160 160 160 160 160 160 160 160 160
160 160 160 160 160 160 160 160 160 160 160 160 160 160 160 160
160 160 160 160 160 160 160 160 160 160 160 160 160 160 160 160
160 160 160 160 160 160 160 160 160 160 160 160 160 160 160 160
160 160 160 160 160 160 160 160 160 160 160 160 160 160 160 160
0.0030 0.0030 0.0030 0.0030 0.0030 0.0030
0.0030 0.0030 0.0030 0.0030 0.0030 0.0030 0.0030 0.0030
0.0030 0.0030 0.0030 0.0030 0.0030 0.0030 0.0030
0.0030 0.0030 0.0030 0.0030 0.0030 0.0030 0.0030 0.0030 0.0030 0.0030 0.0030
0.0030 0.0030 0.0030 0.0030 0.0030
16792 5434 8192 13270 17472 12891 18892 10942 12012 14867 11841 7346 13897 10596 7337 5426 7138 3301 2714 11528
0 0 0 0 0 0 0 0 0 0 0 0 0 0 0 0 0 0 0 0
5467 3220 3207 2588 3127 946 5389 6329 4702 3154 1382 6815 2672 3623 2224 3963
8591 5060 5040 4067 4914 1487 8468 9945 7388 4956 2172 10710 4199 5693 3495 6228
8821 5195 5174 4176 5045 1527 8694 10211 7586 5089 2230 10996 4311 5845 3588 6394
9243 5444 5422 4376 5287 1600 9111 10700 7949 5333 2337 11523 4517 6125 3760 6701
13663 8047 8015 6468 7814 2365 13467 15816 11750 7882 3454 17032 6677 9053 5557 9904
5142 3029 3017 2434 2941 890 5069 5953 4422 2967 1300 6411 2513 3407 2092 3728
5642 3323 3309 2671 3227 977 5561 6531 4852 3255 1426 7033 2757 3738 2295 4090
9050 5330 5309 4284 5176 1567 8920 10476 7783 5221 2288 11282 4423 5997 3681 6560
9139 5383 5361 4326 5227 1582 9008 10579 7859 5272 2310 11393 4466 6056 3717 6625
9376 5523 5500 4439 5363 1623 9242 10854 8063 5409 2370 11689 4582 6213 3814 6797
5055 2977 2965 2393 2891 875 4982 5852 4347 2916 1278 6302 2470 3350 2056 3664
4681 2757 2746 2216 2677 810 4614 5419 4025 2700 1183 5835 2288 3102 1904 3393
17435 10269 10227 8254 9972 3018 17185 20183 14994 10058 4407 21735 8520 11553 7092 12638
13090 7710 7679 6197 7487 2266 12903 15154 11258 7552 3309 16319 6397 8674 5325 9489
12819 7550 7520 6069 7332 2219 12635 14840 11024 7396 3241 15981 6265 8494 5214 9293
12660 7457 7427 5993 7241 2192 12479 14656 10888 7304 3200 15783 6187 8389 5150 9177
4664 2747 2736 2208 2667 807 4597 5399 4011 2690 1179 5814 2279 3090 1897 3381
4344 2559 2548 2057 2485 752 4282 5029 3736 2506 1098 5416 2123 2879 1767 3149
4295 2530 2520 2033 2457 744 4234 4972 3694 2478 1086 5355 2099 2846 1747 3114
5029 2962 2950 2381 2876 871 4957 5822 4325 2901 1271 6269 2458 3332 2046 3645
0 5 5 2 5 4
1 0 3 5 1 2
4 1 0 1 4 1
3 5 1 0 5 3
4 3 4 1 0 4
1 4 2 1 3 0
0 5 5 3 3 2 4 1
4 0 3 4 1 5 5 2
2 4 0 4 4 4 2 1
5 3 4 0 1 4 2 5
5 2 3 1 0 4 2 2
4 5 5 3 3 0 2 2
2 1 4 4 2 3 0 2
2 1 3 3 4 3 3 0
0 2 2 4 4 5 1
1 0 2 2 1 3 4
3 5 0 3 2 5 4
3 5 5 0 1 5 1
4 1 3 2 0 5 2
1 5 5 1 5 0 5
3 1 3 5 5 2 0
0 1 3 1 1 1 2 4 4 5 3
3 0 2 2 1 4 2 3 3 1 2
3 4 0 1 1 3 5 3 4 4 3
3 1 3 0 1 1 4 3 1 3 3
2 5 4 5 0 2 4 2 4 2 3
2 1 2 1 1 0 1 4 3 2 5
3 2 4 2 1 3 0 3 4 4 3
4 4 5 2 3 2 5 0 5 1 3
4 3 3 1 1 2 4 3 0 4 5
3 4 3 1 5 2 5 4 2 0 3
3 4 4 1 2 3 5 5 1 5 0
0 3 1 4 1
5 0 3 3 2
1 2 0 3 2
4 5 2 0 1
2 1 3 3 0
0.1234 0.2060 0.1370 0.0718 0.1009 0.1353 0.1717 0.1709 0.0701 0.1603 0.1031 0.1397 0.1170 0.1692 0.2043 0.1040 0.1194 0.1491 0.1011 0.1892
1.2428 2.7793 1.5551 0.7749 1.2378 1.4765 2.3384 2.5416 0.9114 1.7313 1.3454 2.0125 1.4419 2.4115 2.5839 1.4775 1.2584 1.9631 1.2212 2.3302
0.0000 0.0000 0.0000 0.0000 0.0000 0.0005
0.0000 0.0003 0.0000 0.0000 0.0010 0.0003 0.0005 0.0000
0.0000 0.0000 0.0007 0.0000 0.0000 0.0000 0.0000
0.0000 0.0006 0.0007 0.0008 0.0005 0.0000 0.0000 0.0003 0.0000 0.0010 0.0002
0.0003 0.0000 0.0007 0.0008 0.0000
0 540 1601 200 934 1315
193 0 902 437 311 665
620 219 0 145 1092 311
638 814 279 0 367 315
600 338 752 220 0 1250
167 837 342 96 948 0
0 1581 1660 827 767 329 1034 256
481 0 752 532 132 558 394 348
220 1086 0 1072 1340 1149 406 309
828 397 1369 0 100 857 200 1670
1555 658 820 240 0 733 545 270
1113 535 715 326 973 0 417 305
476 246 361 989 563 535 0 345
462 188 997 642 1320 512 882 0
0 181 475 467 940 500 332
184 0 550 212 165 866 876
681 1568 0 978 346 1391 1057
656 714 1155 0 129 891 285
581 180 647 421 0 1602 337
282 1465 412 214 912 0 1620
684 306 438 1614 334 461 0
0 257 403 287 289 76 296 369 545 832 1008
440 0 546 432 178 890 254 556 1006 207 465
641 698 0 317 307 737 974 753 1000 705 863
274 305 535 0 214 187 1313 729 194 257 246
441 742 651 1407 0 309 1021 584 721 519 1022
196 287 155 321 92 0 292 401 522 161 1590
440 256 573 315 69 920 0 939 1313 1340 344
1144 874 891 459 272 576 1641 0 1445 108 249
1154 886 1016 293 116 500 306 442 0 1172 451
964 262 973 186 892 411 964 1040 432 0 281
737 1315 657 188 140 300 504 1288 142 622 0
0 719 143 1170 214
1382 0 732 946 289
294 641 0 247 465
331 1115 661 0 316
389 248 476 637 0
