20 16 112 5
205104
2 4 5 7 8 14 15
7 8 9 10 11 13 15 16 17 18 20
1 3 4 5 7 9 12 15 16
4 6 9 10 16
1 2 5 10 15 17 19
16000 18667 21333 16000 18667 21333 21333
18667 18667 16000 16000 16000 16000 18667 21333 18667 18667 16000
18667 21333 21333 21333 18667 21333 21333 18667 18667
16000 18667 18667 21333 21333
18667 21333 18667 16000 16000 18667 21333
160 160 160 160 160 160 160 160 160 160 160 160 160 160 160 160
160 160 160 160 160 160 160 160 160 160 160 160 160 160 160 160
160 160 160 160 160 160 160 160 160 160 160 160 160 160 160 160
160 160 160 160 160 160 160 160 160 160 160 160 160 160 160 160
160 160 160 160 160 160 160 160 160 160 160 160 160 160 160 160
0.0030 0.0030 0.0030 0.0030 0.0030 0.0030 0.0030
0.0030 0.0030 0.0030 0.0030 0.0030 0.0030 0.0030 0.0030 0.0030 0.0030 0.0030
0.0030 0.0030 0.0030 0.0030 0.0030 0.0030 0.0030 0.0030 0.0030
0.0030 0.0030 0.0030 0.0030 0.0030
0.0030 0.0030 0.0030 0.0030 0.0030 0.0030 0.0030
4048 18374 17213 14236 6291 4356 4143 15102 19842 6923 16549 17358 12648 3055 8165 3115 17437 0 3483 12766
0 0 0 0 0 0 0 0 0 0 0 0 0 0 0 0 0 3255 0 0
6663 3487 1971 6639 6396 5420 5162 9092 6606 1435 6274 9630 4005 6663 9639 4802
7583 3968 2243 7556 7279 6168 5874 10347 7518 1634 7140 10959 4558 7583 10970 5465
4307 2254 1274 4291 4134 3503 3336 5877 4270 928 4055 6224 2589 4307 6230 3104
10519 5505 3111 10481 10098 8556 8149 14354 10428 2266 9904 15203 6323 10519 15217 7581
10009 5238 2960 9973 9608 8141 7753 13658 9923 2156 9424 14466 6016 10009 14479 7213
3481 1822 1030 3469 3342 2832 2697 4750 3451 750 3278 5031 2093 3481 5036 2509
9871 5165 2920 9836 9476 8029 7647 13469 9786 2127 9294 14266 5933 9871 14279 7114
7373 3858 2181 7347 7078 5997 5711 10061 7309 1588 6942 10656 4432 7373 10666 5313
10879 5693 3218 10840 10443 8848 8427 14845 10785 2344 10243 15723 6539 10879 15737 7840
10050 5259 2972 10014 9647 8174 7785 13713 9963 2165 9462 14524 6041 10049 14538 7242
4264 2231 1261 4249 4093 3468 3303 5819 4227 919 4015 6163 2563 4264 6169 3073
4316 2259 1277 4301 4143 3511 3343 5889 4279 930 4064 6238 2594 4316 6244 3110
4014 2100 1187 3999 3853 3265 3109 5477 3979 865 3779 5801 2413 4014 5806 2893
3398 1778 1005 3386 3262 2764 2632 4636 3368 732 3199 4911 2042 3398 4915 2449
13331 6976 3943 13283 12797 10843 10327 18191 13216 2872 12552 19267 8013 13331 19284 9607
9805 5131 2900 9770 9412 7975 7595 13379 9720 2112 9232 14171 5894 9805 14184 7066
7523 3937 2225 7496 7222 6119 5828 10265 7458 1621 7083 10873 4522 7523 10883 5421
3202 1675 947 3190 3073 2604 2480 4369 3174 690 3015 4627 1925 3202 4632 2307
3425 1792 1013 3413 3288 2786 2653 4674 3396 738 3225 4950 2059 3425 4955 2468
4021 2104 1189 4007 3860 3271 3115 5487 3987 866 3786 5812 2417 4021 5817 2898
0 3 4 5 2 2 2
5 0 4 4 5 5 1
5 4 0 1 3 5 4
1 1 4 0 3 3 1
1 3 5 5 0 1 2
3 4 3 1 4 0 4
1 3 4 2 5 2 0
0 2 1 4 4 5 1 2 4 4 5
1 0 4 1 3 1 2 2 2 4 5
4 5 0 2 4 4 5 1 1 1 2
3 4 2 0 1 1 5 5 1 2 1
5 1 5 1 0 2 3 5 3 4 4
4 5 5 4 2 0 4 4 5 1 1
3 2 2 2 4 3 0 4 3 5 2
5 1 5 1 5 4 5 0 2 2 2
3 4 4 1 1 2 1 4 0 5 2
4 4 3 3 5 5 4 2 3 0 2
5 3 2 2 1 5 4 3 5 2 0
0 5 2 5 4 2 2 3 5
4 0 2 2 3 5 3 5 5
5 4 0 4 2 2 2 4 3
5 5 4 0 1 3 4 3 1
2 2 4 5 0 1 4 1 2
4 1 1 2 4 0 3 1 2
5 2 4 3 3 3 0 2 2
1 2 1 1 4 2 2 0 4
5 2 4 5 4 1 2 3 0
0 5 3 3 1
1 0 2 2 2
1 4 0 3 1
3 2 3 0 1
4 4 4 4 0
0 3 3 2 5 2 5
5 0 4 1 1 2 4
2 3 0 2 1 1 3
2 1 5 0 1 3 1
2 3 1 4 0 5 1
3 1 3 2 5 0 2
2 5 2 5 1 2 0
0.2017 0.1015 0.1715 0.1707 0.1049 0.1919 0.1003 0.1700 0.1714 0.0740 0.2032 0.1822 0.1325 0.1516 0.1396 0.1744 0.1202 0.1248 0.0999 0.0804
2.2709 1.4299 2.3023 1.7947 1.1354 1.9262 1.2009 2.0831 1.9485 1.0927 3.0399 1.9951 1.5746 2.1246 1.4880 2.5018 1.5961 1.3427 1.3169 1.1521
0.0005 0.0000 0.0000 0.0000 0.0007 0.0000 0.0004
0.0001 0.0000 0.0007 0.0006 0.0000 0.0000 0.0007 0.0004 0.0005 0.0000 0.0000
0.0004 0.0000 0.0004 0.0007 0.0001 0.0000 0.0000 0.0009 0.0000
0.0000 0.0000 0.0009 0.0009 0.0009
0.0000 0.0000 0.0000 0.0000 0.0000 0.0000 0.0000
0 201 1358 1541 148 521 269
447 0 458 693 411 510 306
582 769 0 76 870 778 333
194 220 558 0 242 1008 338
287 534 1397 341 0 272 221
359 1082 328 199 946 0 522
285 603 744 538 1461 138 0
0 170 246 429 651 714 297 388 859 918 924
87 0 579 323 1007 313 670 466 594 857 1065
974 1322 0 206 437 707 502 181 203 178 341
564 949 597 0 145 116 981 920 199 570 320
1698 98 602 116 0 406 379 1292 408 710 281
475 641 1654 1075 509 0 913 530 830 222 306
261 242 532 339 540 792 0 1089 349 478 504
734 79 1021 75 988 356 1307 0 481 282 185
616 1228 361 299 204 200 303 685 0 965 460
365 668 783 980 1527 1002 1145 487 388 0 133
1041 667 636 580 116 972 1142 970 1502 184 0
0 510 671 1435 958 503 603 308 540
650 0 226 198 1008 1434 869 771 1430
1551 597 0 829 206 196 402 1030 471
891 1564 473 0 68 630 481 446 206
647 282 339 370 0 87 777 162 468
362 304 94 210 1205 0 857 131 404
610 452 537 349 892 457 0 672 527
159 241 163 333 732 589 610 0 1252
871 657 534 1421 1057 277 365 358 0
0 497 954 550 280
280 0 134 474 463
321 910 0 623 329
695 277 377 0 289
485 668 269 557 0
0 942 286 138 967 256 1654
831 0 1184 92 165 151 1268
586 624 0 152 169 98 685
406 209 1605 0 133 804 126
268 730 303 273 0 1541 203
1026 281 852 486 1405 0 508
289 1212 500 795 278 639 0
