20 16 112 5
189147
2 6 8 9 15 18
1 2 3 5 9 12 14 16 18
1 4 7 8 10 12 13 14 15 16 20
3 5 6 12 14 15 17 19
1 7 8 10 11 16
21333 18667 21333 16000 21333 21333
18667 21333 21333 21333 16000 18667 16000 21333 16000
21333 21333 18667 18667 18667 21333 18667 21333 16000 18667 16000
21333 21333 18667 16000 18667 21333 16000 16000
16000 21333 16000 21333 16000 16000
160 160 160 160 160 160 160 160 160 160 160 160 160 160 160 160
160 160 160 160 160 160 160 160 160 160 160 160 160 160 160 160
160 160 160 160 160 160 160 160 160 160 160 160 160 160 160 160
160 160 160 160 160 160 160 160 160 160 160 160 160 160 160 160
160 160 160 160 160 160 160 160 160 160 160 160 160 160 160 160
0.0030 0.0030 0.0030 0.0030 0.0030 0.0030
0.0030 0.0030 0.0030 0.0030 0.0030 0.0030 0.0030 0.0030 0.0030
0.0030 0.0030 0.0030 0.0030 0.0030 0.0030 0.0030 0.0030 0.0030 0.0030 0.0030
0.0030 0.0030 0.0030 0.0030 0.0030 0.0030 0.0030 0.0030
0.0030 0.0030 0.0030 0.0030 0.0030 0.0030
14047 18313 6028 15653 2439 3560 8661 0 11687 14614 17696 3881 15320 19187 2758 9594 8100 956 8479 8176
0 0 0 0 0 0 0 1880 0 0 0 0 0 0 0 0 0 0 0 0
13173 4951 2599 8637 7274 11916 9102 4765 8821 4232 9755 12054 12082 4800 9219 10813
9577 3600 1889 6279 5288 8663 6617 3464 6413 3077 7092 8763 8783 3490 6702 7861
8486 3190 1674 5564 4686 7676 5863 3070 5682 2726 6284 7765 7783 3092 5938 6965
5365 2017 1058 3518 2962 4853 3707 1941 3593 1724 3973 4909 4921 1955 3754 4404
8167 3070 1611 5355 4510 7388 5643 2954 5469 2624 6048 7474 7491 2976 5715 6704
8267 3107 1631 5420 4565 7478 5712 2990 5536 2656 6122 7565 7582 3012 5785 6785
8720 3277 1720 5717 4815 7888 6025 3154 5839 2801 6457 7979 7997 3177 6102 7157
11926 4483 2353 7820 6585 10788 8240 4314 7986 3832 8832 10913 10938 4346 8346 9789
8988 3378 1773 5893 4963 8131 6211 3251 6019 2888 6656 8225 8244 3275 6290 7378
9248 3476 1825 6064 5106 8366 6390 3345 6193 2971 6849 8463 8482 3370 6472 7591
5547 2085 1094 3637 3063 5017 3832 2006 3714 1782 4107 5075 5087 2021 3881 4553
12271 4612 2421 8046 6775 11100 8479 4439 8217 3942 9087 11229 11254 4471 8587 10072
5336 2005 1053 3498 2946 4826 3687 1930 3573 1714 3951 4882 4894 1944 3734 4379
13630 5123 2689 8937 7526 12329 9418 4930 9127 4379 10093 12472 12501 4966 9538 11187
12171 4575 2401 7980 6720 11009 8410 4403 8150 3910 9013 11137 11163 4435 8517 9990
12778 4803 2521 8378 7055 11558 8829 4622 8556 4105 9463 11693 11719 4656 8942 10488
4695 1765 926 3078 2592 4247 3244 1698 3144 1508 3476 4296 4306 1711 3285 3853
8036 3020 1585 5269 4437 7269 5552 2907 5381 2582 5951 7353 7370 2928 5623 6596
4728 1777 933 3100 2611 4277 3267 1710 3166 1519 3501 4327 4336 1723 3309 3881
4701 1767 928 3083 2596 4253 3248 1701 3148 1510 3481 4302 4312 1713 3290 3859
0 5 3 1 2 2
1 0 3 3 1 3
4 4 0 2 4 3
2 1 2 0 1 5
2 4 2 3 0 5
4 1 1 3 5 0
0 3 3 4 4 3 2 5 2
5 0 5 5 5 3 1 3 4
2 5 0 2 3 2 4 2 2
3 2 2 0 5 4 4 5 1
3 1 3 3 0 4 2 4 5
4 5 1 3 2 0 3 1 5
3 2 3 2 4 4 0 4 4
2 3 5 3 3 3 5 0 3
2 1 1 5 4 3 4 2 0
0 1 1 5 4 1 4 4 2 1 3
3 0 3 3 4 1 1 2 3 4 1
5 3 0 3 1 4 2 2 3 5 4
5 4 5 0 4 5 2 5 1 5 5
5 4 2 4 0 5 4 1 4 2 4
3 5 5 5 3 0 1 5 4 5 4
3 4 4 5 2 1 0 5 4 1 4
2 5 2 4 1 3 4 0 5 5 3
2 5 5 2 2 2 2 4 0 1 1
5 3 5 3 2 4 2 3 3 0 4
3 1 3 3 4 1 1 5 1 4 0
0 3 2 3 3 3 3 5
2 0 5 3 2 5 5 2
4 4 0 3 2 3 1 4
5 3 2 0 5 1 1 4
4 5 3 3 0 5 3 3
1 4 2 2 4 0 1 3
1 4 1 3 4 2 0 5
4 2 1 5 1 5 3 0
0 1 3 3 4 4
3 0 5 4 5 4
5 3 0 2 3 5
3 2 1 0 1 2
1 5 3 1 0 1
2 5 5 1 2 0
0.2094 0.1434 0.1938 0.0831 0.1462 0.1600 0.1742 0.1422 0.1262 0.1617 0.1420 0.1295 0.0776 0.0753 0.1269 0.1540 0.0770 0.1939 0.1327 0.0937
2.3204 2.1424 2.5697 1.1415 1.5784 1.7929 1.9673 1.7985 1.6413 2.1221 2.1116 1.7687 1.0380 0.8843 1.6656 1.6259 0.8789 1.9720 1.4767 1.0670
0.0002 0.0000 0.0004 0.0001 0.0000 0.0000
0.0003 0.0000 0.0000 0.0009 0.0000 0.0002 0.0004 0.0000 0.0010
0.0000 0.0000 0.0005 0.0007 0.0000 0.0000 0.0000 0.0000 0.0003 0.0002 0.0000
0.0001 0.0000 0.0001 0.0000 0.0005 0.0009 0.0000 0.0000
0.0002 0.0000 0.0000 0.0010 0.0000 0.0006
0 518 583 235 357 330
312 0 803 352 215 402
326 1291 0 570 717 236
348 238 449 0 198 1040
666 386 521 856 0 1488
1082 237 79 708 775 0
0 961 384 1107 385 849 445 372 456
1054 0 692 1058 667 702 146 277 675
445 1260 0 402 841 219 1212 608 554
951 141 358 0 464 1258 1168 1027 108
465 90 854 422 0 691 184 1248 1514
404 824 210 556 144 0 288 132 441
315 510 986 476 616 475 0 892 1172
485 473 1018 834 213 303 382 0 616
532 258 102 488 786 649 1056 186 0
0 98 204 482 812 190 736 1349 426 265 614
317 0 951 543 1251 308 317 295 618 314 214
560 558 0 293 97 808 597 232 602 1028 281
785 682 587 0 309 971 371 352 183 1702 608
1117 406 493 763 0 1171 841 102 330 260 1254
773 1040 988 1497 900 0 233 931 1330 555 1181
912 1041 1091 385 484 199 0 695 829 94 773
218 925 560 926 268 582 1161 0 808 632 217
528 631 1177 481 550 142 532 990 0 341 333
1204 321 725 904 226 1044 476 612 916 0 1267
262 335 410 1026 579 168 321 334 242 1080 0
0 498 585 528 828 713 433 520
348 0 422 513 393 1087 781 371
1150 910 0 640 156 721 168 765
1425 206 260 0 634 114 170 814
1115 614 618 805 0 1155 733 938
280 298 446 556 700 0 173 447
321 1187 150 412 380 639 0 932
1220 513 284 1112 304 412 552 0
0 231 224 1002 790 1058
318 0 1534 745 1607 1132
1511 851 0 294 901 975
714 421 304 0 300 590
284 1072 448 196 0 258
306 778 1155 227 365 0
