20 16 112 5
183208
1 2 5 7 10 11 13 19
6 7 9 11 18 20
6 7 8 13 14 17 18 19
4 5 6 7 11 12 13 14 19 20
2 3 4 5 6 8 9 10 11 15 16
18667 18667 16000 18667 18667 18667 16000 16000
16000 18667 18667 18667 21333 21333
18667 16000 18667 18667 21333 16000 18667 21333
18667 16000 16000 21333 16000 16000 16000 18667 18667 21333
21333 16000 18667 18667 18667 16000 21333 18667 18667 21333 18667
160 160 160 160 160 160 160 160 160 160 160 160 160 160 160 160
160 160 160 160 160 160 160 160 160 160 160 160 160 160 160 160
160 160 160 160 160 160 160 160 160 160 160 160 160 160 160 160
160 160 160 160 160 160 160 160 160 160 160 160 160 160 160 160
160 160 160 160 160 160 160 160 160 160 160 160 160 160 160 160
0.0030 0.0030 0.0030 0.0030 0.0030 0.0030 0.0030 0.0030
0.0030 0.0030 0.0030 0.0030 0.0030 0.0030
0.0030 0.0030 0.0030 0.0030 0.0030 0.0030 0.0030 0.0030
0.0030 0.0030 0.0030 0.0030 0.0030 0.0030 0.0030 0.0030 0.0030 0.0030
0.0030 0.0030 0.0030 0.0030 0.0030 0.0030 0.0030 0.0030 0.0030 0.0030 0.0030
10155 15955 3790 0 17007 13099 2818 12100 6962 16154 8005 11271 2285 0 16467 11556 12230 3749 3759 15847
0 0 0 3465 0 0 0 0 0 0 0 0 0 832 0 0 0 0 0 0
2335 1497 1402 2678 4200 3513 4430 1935 3197 3783 4103 2468 1341 4285 2759 3925
4476 2870 2688 5134 8053 6735 8493 3710 6130 7252 7867 4733 2572 8215 5290 7526
2052 1316 1232 2354 3692 3088 3894 1701 2811 3325 3607 2170 1179 3767 2425 3451
3769 2416 2263 4322 6780 5670 7151 3123 5161 6106 6623 3985 2165 6916 4454 6337
6407 4108 3848 7348 11527 9640 12157 5310 8774 10381 11260 6774 3681 11759 7572 10773
8118 5205 4875 9311 14605 12215 15404 6728 11117 13153 14267 8583 4664 14899 9594 13650
7662 4913 4601 8788 13785 11529 14539 6350 10493 12414 13466 8101 4402 14062 9055 12883
4305 2760 2585 4938 7745 6478 8169 3568 5895 6975 7566 4552 2474 7901 5088 7239
4078 2614 2449 4676 7335 6135 7737 3379 5583 6606 7166 4311 2343 7483 4819 6856
4485 2876 2693 5144 8069 6748 8510 3717 6142 7267 7882 4742 2577 8231 5300 7541
7893 5060 4739 9052 14198 11875 14975 6541 10808 12787 13870 8344 4535 14484 9327 13270
2384 1529 1432 2734 4289 3587 4524 1976 3265 3863 4190 2521 1370 4376 2817 4009
5754 3689 3456 6600 10352 8658 10918 4769 7880 9323 10113 6084 3306 10561 6800 9675
3769 2416 2263 4322 6780 5670 7151 3123 5161 6106 6623 3985 2165 6916 4454 6337
2615 1676 1570 2999 4704 3934 4961 2167 3580 4236 4595 2764 1502 4798 3090 4396
2397 1537 1439 2749 4312 3606 4548 1986 3282 3883 4212 2534 1377 4399 2832 4030
2427 1556 1457 2783 4366 3651 4604 2011 3323 3932 4265 2566 1394 4454 2868 4080
3935 2523 2363 4513 7079 5920 7466 3261 5388 6375 6915 4160 2261 7222 4650 6616
5820 3731 3495 6675 10470 8756 11042 4823 7969 9429 10228 6153 3344 10681 6877 9785
4472 2867 2685 5128 8044 6728 8484 3706 6123 7244 7858 4728 2569 8206 5284 7518
0 4 3 5 4 5 2 1
3 0 4 4 4 4 3 5
3 2 0 2 2 3 4 4
3 1 3 0 4 2 3 2
5 3 5 1 0 2 1 2
5 3 5 3 5 0 1 2
5 5 3 3 4 4 0 2
2 1 1 4 4 3 4 0
0 2 1 2 3 1
3 0 4 4 2 3
4 5 0 5 3 5
5 2 1 0 4 2
2 3 5 3 0 5
1 5 5 1 2 0
0 2 5 2 4 1 1 5
1 0 3 3 2 4 1 4
4 5 0 1 5 1 1 2
2 3 4 0 5 2 1 3
5 5 2 2 0 2 2 4
5 2 4 3 5 0 1 5
5 2 4 5 5 2 0 4
2 3 3 1 2 4 1 0
0 3 5 3 2 3 1 2 5 1
4 0 4 2 4 5 3 5 3 1
5 4 0 2 4 1 1 4 5 4
5 2 2 0 3 2 1 4 2 5
1 2 1 2 0 3 4 2 1 4
5 2 2 4 4 0 4 5 5 5
3 5 5 5 1 5 0 2 5 1
4 4 2 3 5 3 2 0 4 1
4 5 1 3 1 5 1 5 0 1
1 5 3 3 1 2 2 4 2 0
0 3 3 3 3 5 5 5 2 3 1
4 0 2 5 1 1 2 2 1 2 2
1 2 0 5 4 1 5 5 1 5 4
1 3 1 0 3 4 2 5 1 5 2
2 4 5 1 0 1 1 4 5 5 4
4 4 5 5 5 0 5 2 1 5 2
5 2 5 3 2 3 0 2 1 5 2
3 5 5 3 3 3 3 0 3 5 3
4 3 2 3 3 3 4 5 0 2 1
1 5 3 1 5 2 4 4 5 0 3
2 5 2 4 3 2 1 3 4 5 0
0.0845 0.1325 0.1467 0.0911 0.1332 0.1499 0.1549 0.1617 0.1279 0.1535 0.1540 0.0996 0.1212 0.2040 0.0934 0.1246 0.1548 0.1180 0.0720 0.1993
0.9794 1.3554 1.7115 1.0703 1.6555 2.0935 2.3050 1.6940 1.8728 1.8901 2.1226 1.2991 1.3333 2.6486 0.9491 1.6273 2.0245 1.5281 0.8010 2.2820
0.0000 0.0000 0.0005 0.0002 0.0000 0.0000 0.0004 0.0007
0.0010 0.0000 0.0000 0.0006 0.0000 0.0000
0.0011 0.0004 0.0002 0.0000 0.0004 0.0000 0.0000 0.0007
0.0004 0.0004 0.0000 0.0009 0.0006 0.0000 0.0009 0.0000 0.0000 0.0000
0.0007 0.0000 0.0000 0.0000 0.0006 0.0000 0.0001 0.0006 0.0003 0.0000 0.0000
0 689 482 1080 338 500 429 103
434 0 984 1286 754 634 861 1122
197 522 0 314 324 691 624 747
487 245 250 0 410 508 364 214
1118 608 340 336 0 650 291 397
1350 633 1337 914 1311 0 190 486
1691 1480 821 826 380 1173 0 473
502 176 228 525 696 989 437 0
0 329 180 581 534 72
547 0 748 653 670 488
977 608 0 901 912 1031
1472 266 89 0 614 215
581 323 1677 691 0 644
212 1265 810 193 548 0
0 436 1532 510 753 156 151 942
201 0 582 288 639 1337 300 520
1200 1380 0 204 1400 282 160 381
201 300 377 0 1452 194 227 696
808 891 582 177 0 486 598 994
724 415 416 967 1225 0 151 1528
1681 456 924 1228 1414 399 0 1180
581 292 305 281 361 761 340 0
0 251 502 448 618 689 250 676 968 298
294 0 1197 238 812 1700 789 782 230 82
640 801 0 239 1217 98 220 1202 628 970
440 281 481 0 513 149 82 1226 321 772
151 171 232 244 0 600 1056 497 334 1026
1515 606 451 843 1184 0 1176 967 794 827
920 352 452 851 267 1470 0 351 1690 332
749 722 258 882 355 315 432 0 1150 282
491 540 168 779 101 931 196 1371 0 80
71 1355 843 286 304 304 470 428 593 0
0 486 301 686 438 1414 1561 481 398 838 280
1160 0 397 335 105 79 460 237 272 143 342
308 478 0 1088 1345 255 587 605 204 1041 860
284 264 269 0 578 437 514 1104 114 1472 581
237 1198 1580 67 0 267 201 574 844 1515 1309
435 441 1051 1528 1225 0 1320 638 242 835 265
1540 421 1431 792 395 702 0 638 240 1121 218
820 967 1000 911 672 503 199 0 626 461 761
269 1011 680 479 858 353 594 817 0 625 263
105 980 480 177 498 418 419 1046 1477 0 519
639 1104 648 323 430 403 257 648 539 1292 0
