28 16 112 7
122237
1 14 24 28
3 8 11 12 20
13 15 18 24 26
7 11 19 20 22 23 27
1 4 10 15 16 17 26 28
2 5 6 9 10 12 19 21 23 24 26
11 13 24 25 28
6452 2602 3137 2078
5797 3380 2000 3288 4286
5000 2632 2299 2899 1379
1655 2410 4507 7692 3738 3478 4444
5614 3000 2326 2564 1890 7273 2797 2133
3429 2051 2400 2119 1839 1905 1951 3883 3636 3048 4138
4211 4571 3404 2857 4364
160 160 160 160 160 160 160 160 160 160 160 160 160 160 160 160
160 160 160 160 160 160 160 160 160 160 160 160 160 160 160 160
160 160 160 160 160 160 160 160 160 160 160 160 160 160 160 160
160 160 160 160 160 160 160 160 160 160 160 160 160 160 160 160
160 160 160 160 160 160 160 160 160 160 160 160 160 160 160 160
160 160 160 160 160 160 160 160 160 160 160 160 160 160 160 160
160 160 160 160 160 160 160 160 160 160 160 160 160 160 160 160
0.0062 0.0123 0.0102 0.0154
0.0069 0.0071 0.0120 0.0073 0.0056
0.0064 0.0152 0.0174 0.0138 0.0174
0.0145 0.0166 0.0071 0.0052 0.0107 0.0069 0.0054
0.0057 0.0080 0.0172 0.0156 0.0127 0.0055 0.0143 0.0150
0.0070 0.0117 0.0100 0.0151 0.0174 0.0168 0.0164 0.0103 0.0088 0.0105 0.0058
0.0095 0.0070 0.0094 0.0112 0.0055
4086 4312 1381 6305 5947 5502 1765 5038 4738 6078 1771 6935 4661 7011 8586 2733 5837 2353 4605 5022 3964 2953 1910 7364 0 2332 2254 6794
0 0 0 0 0 0 0 0 0 0 0 0 0 0 0 0 0 0 0 0 0 0 0 0 2185 0 0 0
3962 4051 2918 3835 4117 3974 3544 3581 3989 3827 4063 3324 2909 3543 2874 3789
2122 2170 1563 2054 2205 2129 1898 1918 2137 2050 2176 1781 1558 1898 1540 2029
1940 1983 1429 1878 2016 1946 1735 1753 1953 1874 1989 1628 1424 1735 1407 1855
2246 2297 1654 2174 2334 2253 2009 2031 2262 2170 2303 1885 1650 2009 1630 2148
2224 2274 1638 2153 2311 2231 1989 2010 2239 2148 2281 1866 1633 1989 1614 2127
2196 2246 1618 2126 2282 2203 1964 1985 2212 2122 2252 1843 1613 1964 1593 2100
1964 2008 1446 1901 2040 1970 1756 1775 1977 1897 2014 1648 1442 1756 1425 1878
2168 2216 1596 2098 2252 2174 1939 1959 2182 2094 2223 1819 1592 1938 1573 2073
2149 2197 1583 2080 2233 2155 1922 1942 2164 2076 2203 1803 1578 1922 1559 2055
4086 4177 3009 3955 4246 4099 3655 3694 4114 3947 4190 3429 3000 3654 2964 3907
5672 5798 4177 5490 5893 5689 5073 5127 5711 5479 5816 4759 4165 5072 4115 5424
4140 4232 3049 4007 4301 4152 3702 3742 4168 3999 4245 3473 3040 3702 3003 3958
3998 4087 2944 3870 4154 4010 3576 3614 4025 3862 4099 3355 2936 3575 2900 3823
2290 2342 1687 2217 2380 2297 2049 2070 2306 2212 2349 1922 1682 2048 1662 2190
4242 4337 3124 4106 4408 4255 3794 3835 4272 4098 4350 3560 3115 3794 3078 4057
2024 2069 1491 1959 2103 2030 1810 1830 2038 1955 2075 1698 1486 1810 1468 1935
2217 2267 1633 2146 2304 2224 1983 2004 2233 2142 2274 1860 1628 1983 1609 2120
2000 2045 1473 1936 2078 2006 1789 1808 2014 1932 2051 1678 1469 1789 1451 1913
3994 4084 2942 3866 4150 4007 3573 3611 4022 3858 4096 3352 2933 3572 2898 3820
4020 4110 2961 3891 4177 4033 3596 3634 4048 3884 4122 3373 2952 3595 2917 3844
2101 2148 1547 2033 2183 2107 1879 1899 2115 2029 2154 1763 1543 1879 1524 2009
2038 2083 1501 1972 2117 2044 1823 1842 2052 1968 2089 1710 1496 1822 1478 1949
3827 3912 2818 3704 3976 3838 3422 3459 3853 3696 3924 3211 2810 3422 2776 3659
7874 8050 5799 7621 8181 7898 7042 7117 7928 7606 8074 6607 5782 7041 5712 7529
1854 1895 1365 1794 1926 1859 1658 1676 1867 1791 1901 1555 1361 1658 1345 1773
5707 5834 4203 5523 5929 5724 5104 5158 5746 5512 5852 4788 4190 5103 4140 5457
1994 2039 1469 1930 2072 2000 1784 1803 2008 1926 2045 1673 1464 1783 1447 1907
5985 6118 4407 5792 6218 6003 5353 5410 6026 5781 6136 5021 4394 5352 4342 5723
0 5 4 6
3 0 2 7
2 6 0 7
3 7 2 0
0 7 3 6 6
3 0 7 5 7
2 3 0 3 2
6 3 4 0 7
3 6 5 3 0
0 7 7 6 5
3 0 6 3 5
6 4 0 5 5
2 5 3 0 4
3 7 6 5 0
0 4 4 6 4 6 7
4 0 4 5 5 3 5
4 7 0 3 6 5 5
4 2 6 0 4 3 4
7 7 6 5 0 4 3
7 7 3 4 7 0 5
4 7 7 5 6 5 0
0 4 7 7 2 4 4 3
3 0 5 5 2 3 3 7
3 4 0 5 3 3 2 6
6 7 4 0 3 4 5 4
6 6 2 2 0 5 5 7
5 2 6 5 7 0 3 4
6 6 6 2 5 7 0 2
2 5 4 5 2 2 6 0
0 5 4 4 3 5 6 2 6 5 6
6 0 6 2 6 5 3 4 3 6 3
7 5 0 7 2 2 5 2 6 7 3
6 2 5 0 4 7 2 2 6 7 5
2 6 7 5 0 7 7 6 4 6 5
3 4 5 7 3 0 2 6 6 4 5
2 2 4 7 6 6 0 4 7 4 2
7 4 3 4 3 5 6 0 4 6 4
2 7 3 3 2 6 4 2 0 2 6
5 6 3 6 2 3 7 3 4 0 4
6 4 7 3 3 3 5 5 5 3 0
0 5 4 4 7
4 0 2 3 3
7 6 0 4 7
3 3 7 0 5
2 2 7 2 0
0.2004 0.1368 0.1275 0.4014 0.1200 0.2773 0.2430 0.2570 0.1972 0.2683 0.3109 0.3855 0.2086 0.2852 0.2008 0.1645 0.1533 0.2341 0.3213 0.1579 0.3474 0.2445 0.1447 0.2550 0.2061 0.3844 0.2898 0.2730
2.9031 1.4212 1.5161 4.5727 1.4663 3.0268 3.5031 3.6032 2.6565 2.7773 3.5752 5.6747 2.8586 3.4742 2.4922 1.8704 1.5834 2.5266 4.3671 1.6656 4.3133 2.4811 1.7590 3.5330 2.7365 4.0317 3.1654 3.3014
0.0016 0.0000 0.0018 0.0119
0.0000 0.0000 0.0005 0.0000 0.0007
0.0002 0.0014 0.0000 0.0075 0.0142
0.0000 0.0077 0.0000 0.0000 0.0000 0.0000 0.0000
0.0000 0.0000 0.0000 0.0000 0.0000 0.0000 0.0067 0.0067
0.0000 0.0000 0.0000 0.0000 0.0053 0.0071 0.0089 0.0000 0.0020 0.0013 0.0000
0.0000 0.0000 0.0000 0.0000 0.0000
0 212 259 296
267 0 75 764
133 316 0 639
364 425 106 0
0 812 170 283 476
136 0 320 286 236
151 340 0 220 209
636 369 430 0 772
271 601 462 162 0
0 246 236 740 283
303 0 208 304 411
429 159 0 585 374
200 535 193 0 442
129 693 272 579 0
0 185 222 205 431 658 413
254 0 269 252 366 221 500
350 589 0 370 642 470 253
487 172 267 0 209 369 168
679 736 398 163 0 127 203
589 765 309 184 770 0 422
345 851 551 452 507 453 0
0 155 242 236 138 394 236 149
97 0 172 164 148 278 144 488
243 380 0 488 349 224 114 666
583 364 180 0 331 153 501 256
313 314 96 129 0 283 156 534
232 186 379 201 366 0 369 248
552 181 565 144 503 543 0 189
106 370 298 237 244 214 511 0
0 488 390 448 161 296 650 203 482 244 291
304 0 568 167 476 496 106 484 368 684 133
617 431 0 849 98 66 150 135 274 296 128
398 168 183 0 150 585 157 220 351 417 477
228 518 557 548 0 450 480 267 416 296 470
323 216 415 518 248 0 122 478 244 229 180
226 88 317 459 685 609 0 165 289 316 177
774 471 170 160 115 348 720 0 177 668 450
70 334 196 268 144 199 417 166 0 112 574
534 610 169 696 164 168 673 152 468 0 364
403 155 779 272 291 256 180 444 556 147 0
0 534 345 241 628
374 0 181 298 227
294 612 0 368 268
107 181 322 0 322
196 72 362 170 0
