28 16 112 7
196669
5 17 21 25
4 12 15 18 27 28
1 4 15 16 24 27
2 3 15 20 23 25 26 27
5 6 8 9 11 16 19 28
11 14 21 23
1 4 7 10 11 13 22 23
2462 1690 1509 2051
1935 6667 1491 2540 1875 7273
3333 4103 2443 2759 2449 2162
2516 3750 1500 1633 1364 7692 1963 2963
2632 1519 2892 1951 3478 3158 1371 3101
3871 2462 2092 5063
3117 3077 3738 2370 2124 5517 4286 2857
160 160 160 160 160 160 160 160 160 160 160 160 160 160 160 160
160 160 160 160 160 160 160 160 160 160 160 160 160 160 160 160
160 160 160 160 160 160 160 160 160 160 160 160 160 160 160 160
160 160 160 160 160 160 160 160 160 160 160 160 160 160 160 160
160 160 160 160 160 160 160 160 160 160 160 160 160 160 160 160
160 160 160 160 160 160 160 160 160 160 160 160 160 160 160 160
160 160 160 160 160 160 160 160 160 160 160 160 160 160 160 160
0.0130 0.0142 0.0159 0.0156
0.0124 0.0060 0.0161 0.0126 0.0128 0.0055
0.0096 0.0078 0.0131 0.0116 0.0098 0.0111
0.0159 0.0064 0.0160 0.0147 0.0176 0.0052 0.0163 0.0108
0.0152 0.0158 0.0083 0.0164 0.0115 0.0076 0.0175 0.0129
0.0062 0.0130 0.0153 0.0079
0.0077 0.0078 0.0107 0.0135 0.0113 0.0058 0.0056 0.0084
6066 9839 4535 9185 0 11834 10907 4934 1618 6042 10140 7519 10293 3850 9990 3053 1246 11179 12920 4996 0 11041 958 5377 10731 12376 3453 12587
0 0 0 0 3945 0 0 0 0 0 0 0 0 0 0 0 0 0 0 0 3557 0 0 0 0 0 0 0
3910 4085 3265 3364 3632 3587 3667 3656 4140 3274 4012 2840 3150 3941 3992 3307
2356 2461 1967 2027 2188 2161 2209 2203 2494 1973 2417 1711 1898 2375 2405 1992
2043 2135 1706 1758 1898 1874 1916 1911 2164 1711 2097 1484 1646 2060 2086 1728
5870 6133 4902 5051 5452 5384 5505 5489 6215 4915 6023 4264 4729 5917 5994 4964
3553 3712 2967 3057 3300 3259 3332 3322 3762 2975 3645 2581 2862 3581 3628 3005
2473 2584 2065 2128 2297 2269 2319 2313 2619 2071 2538 1797 1992 2493 2525 2092
2419 2527 2020 2081 2247 2219 2268 2262 2561 2025 2482 1757 1949 2438 2470 2046
2067 2160 1726 1778 1920 1896 1938 1933 2189 1731 2121 1502 1665 2084 2110 1748
1872 1956 1563 1610 1738 1717 1755 1750 1982 1567 1920 1360 1508 1887 1911 1583
2132 2228 1781 1835 1980 1956 1999 1994 2258 1785 2188 1549 1718 2149 2177 1803
5926 6192 4949 5099 5504 5436 5557 5542 6275 4962 6080 4305 4774 5974 6051 5012
2219 2319 1853 1909 2061 2036 2081 2075 2350 1858 2277 1612 1788 2237 2266 1877
2382 2489 1990 2050 2213 2185 2234 2228 2523 1995 2444 1731 1919 2402 2433 2015
2003 2093 1673 1724 1860 1837 1878 1873 2121 1677 2055 1455 1614 2019 2045 1694
5917 6183 4942 5092 5496 5428 5549 5534 6265 4955 6071 4299 4767 5965 6042 5005
3732 3900 3117 3212 3467 3424 3500 3490 3952 3125 3830 2711 3007 3763 3811 3157
1850 1933 1545 1592 1718 1697 1735 1730 1959 1549 1898 1344 1490 1865 1889 1564
2435 2544 2033 2095 2261 2233 2283 2277 2578 2039 2498 1769 1961 2454 2486 2059
2537 2651 2119 2183 2357 2327 2379 2373 2687 2125 2603 1843 2044 2558 2591 2146
2070 2163 1729 1782 1923 1899 1942 1936 2192 1734 2124 1504 1668 2087 2114 1751
3553 3712 2967 3057 3300 3259 3332 3322 3762 2975 3645 2581 2862 3581 3628 3005
2426 2535 2026 2088 2254 2226 2276 2269 2569 2032 2490 1763 1955 2446 2478 2052
5385 5627 4497 4634 5002 4940 5050 5036 5702 4510 5525 3912 4339 5429 5499 4555
2093 2187 1748 1801 1944 1920 1963 1957 2216 1753 2147 1520 1686 2110 2137 1770
4185 4372 3495 3601 3887 3839 3924 3913 4431 3504 4293 3040 3371 4218 4273 3539
2505 2618 2092 2156 2327 2298 2349 2343 2653 2098 2570 1820 2018 2525 2558 2119
5532 5780 4620 4760 5139 5075 5188 5174 5858 4633 5676 4019 4457 5577 5649 4679
4294 4486 3586 3695 3988 3939 4027 4015 4547 3596 4406 3119 3459 4329 4384 3632
0 6 3 4
2 0 6 4
5 3 0 4
2 3 6 0
0 4 7 4 5 6
7 0 4 6 4 6
3 5 0 4 2 2
3 4 7 0 7 3
7 2 2 2 0 7
2 6 5 7 4 0
0 2 7 7 4 5
5 0 5 6 5 3
5 2 0 2 7 5
2 3 5 0 3 7
5 7 6 4 0 6
7 2 6 5 3 0
0 3 4 4 3 2 2 7
3 0 5 5 4 6 7 4
7 6 0 6 6 2 3 2
7 7 6 0 4 6 7 4
6 2 5 5 0 3 4 3
7 7 3 3 6 0 6 3
5 7 4 7 5 2 0 2
2 3 5 4 3 4 2 0
0 6 6 5 2 2 5 6
4 0 7 6 6 4 3 7
6 7 0 4 2 7 4 3
6 2 3 0 7 3 3 6
7 6 5 6 0 7 6 4
5 3 3 5 4 0 6 5
6 6 3 7 7 2 0 6
4 6 4 5 3 6 5 0
0 3 3 7
2 0 7 6
2 3 0 4
3 2 7 0
0 7 5 6 4 3 5 4
7 0 4 5 2 7 5 3
2 6 0 4 7 5 6 3
6 4 5 0 5 2 7 4
3 7 5 7 0 4 6 3
6 4 6 2 5 0 3 6
4 2 7 2 3 7 0 7
5 4 6 4 3 7 6 0
0.2574 0.2619 0.3663 0.4069 0.3936 0.1589 0.1507 0.1516 0.4065 0.2172 0.2023 0.3084 0.4324 0.3134 0.2140 0.3738 0.3832 0.1548 0.1785 0.4173 0.1958 0.1636 0.1363 0.1682 0.1797 0.3153 0.1970 0.2355
3.4119 2.9300 5.0000 4.7649 4.1780 2.3662 1.5997 2.2254 5.3886 3.0738 2.0366 3.3895 4.6762 3.7589 2.3349 5.0668 4.4086 1.9372 2.0271 5.0391 2.8223 2.3620 1.9431 1.8264 2.0506 3.3984 2.6615 3.0675
0.0000 0.0000 0.0000 0.0098
0.0031 0.0000 0.0000 0.0000 0.0000 0.0000
0.0020 0.0000 0.0004 0.0038 0.0000 0.0001
0.0000 0.0000 0.0011 0.0000 0.0112 0.0000 0.0000 0.0005
0.0035 0.0000 0.0000 0.0000 0.0067 0.0000 0.0000 0.0083
0.0000 0.0000 0.0002 0.0016
0.0000 0.0013 0.0000 0.0000 0.0050 0.0000 0.0000 0.0000
0 290 94 126
81 0 320 311
330 312 0 361
152 313 454 0
0 467 464 303 222 679
701 0 219 315 308 559
228 378 0 347 198 119
132 213 663 0 369 220
291 164 131 92 0 676
186 667 284 592 294 0
0 62 767 403 175 600
326 0 254 374 174 99
323 179 0 121 439 189
62 128 361 0 282 275
364 589 595 137 0 362
438 162 458 192 216 0
0 277 391 164 294 217 118 467
289 0 617 261 413 735 820 183
833 273 0 603 415 128 250 67
516 579 590 0 345 656 534 283
476 180 330 159 0 335 231 215
865 744 314 220 585 0 457 194
435 676 130 568 575 122 0 234
74 149 502 362 236 144 144 0
0 328 211 282 163 210 574 304
455 0 229 668 355 234 327 319
406 798 0 272 79 595 437 324
364 228 134 0 424 207 348 658
296 592 154 558 0 838 676 139
542 315 241 254 224 0 196 449
574 320 185 581 651 114 0 732
248 465 428 489 91 595 176 0
0 103 292 244
131 0 438 322
232 309 0 183
204 73 630 0
0 770 587 266 155 266 164 384
343 0 272 377 160 838 610 273
205 459 0 436 229 306 609 227
218 403 191 0 322 228 687 207
136 540 483 688 0 329 488 229
613 320 201 224 404 0 276 214
326 204 786 210 175 436 0 614
587 396 256 136 105 588 342 0
