28 16 112 7
122251
1 3 8 11 14 17 18 21 26
5 10 15 18 19 20 23 26
3 4 6 12 25 26 27 28
1 5 8 9 13 17 24 28
13 23 24
3 7 8 10 16 17 22 23 26
1 2 8 11 14 18 19 22 24 26
5063 6154 5128 3048 4040 6250 4528 6667 7143
2759 3738 1860 1905 5517 3846 3883 1850
2065 1920 1839 2034 3765 3200 1558 3670
2400 1951 3692 2597 2143 2424 1791 2689
2222 2824 2051
2857 1951 2500 2791 3038 1446 2963 1633 2148
4301 2462 1935 4124 4267 1839 2597 3516 3855 2712
160 160 160 160 160 160 160 160 160 160 160 160 160 160 160 160
160 160 160 160 160 160 160 160 160 160 160 160 160 160 160 160
160 160 160 160 160 160 160 160 160 160 160 160 160 160 160 160
160 160 160 160 160 160 160 160 160 160 160 160 160 160 160 160
160 160 160 160 160 160 160 160 160 160 160 160 160 160 160 160
160 160 160 160 160 160 160 160 160 160 160 160 160 160 160 160
160 160 160 160 160 160 160 160 160 160 160 160 160 160 160 160
0.0079 0.0052 0.0078 0.0105 0.0099 0.0064 0.0053 0.0060 0.0056
0.0087 0.0107 0.0129 0.0126 0.0058 0.0104 0.0103 0.0173
0.0155 0.0125 0.0174 0.0118 0.0085 0.0100 0.0154 0.0109
0.0100 0.0123 0.0065 0.0154 0.0112 0.0099 0.0134 0.0119
0.0108 0.0085 0.0156
0.0112 0.0164 0.0096 0.0086 0.0079 0.0166 0.0108 0.0147 0.0149
0.0093 0.0130 0.0124 0.0097 0.0075 0.0174 0.0154 0.0091 0.0083 0.0118
727 4378 5778 3635 7647 5845 7325 683 1057 1428 7883 2431 3019 4802 3621 3684 2831 7699 7730 2963 8750 7531 0 3037 7741 4034 1722 4270
0 0 0 0 0 0 0 0 0 0 0 0 0 0 0 0 0 0 0 0 0 0 1988 0 0 0 0 0
4028 4558 4084 4302 4404 3654 4333 3723 4945 3474 4164 3821 4204 3688 3773 3949
1576 1784 1598 1684 1724 1430 1696 1457 1935 1359 1630 1496 1645 1443 1477 1546
4313 4881 4373 4607 4716 3913 4640 3987 5295 3720 4459 4092 4502 3949 4041 4229
1534 1736 1556 1639 1678 1392 1651 1418 1884 1323 1586 1456 1601 1405 1437 1504
3090 3497 3133 3301 3379 2804 3324 2856 3793 2665 3195 2932 3225 2829 2895 3030
1659 1878 1682 1772 1814 1505 1785 1534 2037 1431 1715 1574 1732 1519 1555 1627
1743 1972 1767 1862 1906 1581 1875 1611 2140 1503 1802 1654 1819 1596 1633 1709
5354 6059 5428 5719 5854 4858 5760 4949 6573 4617 5535 5080 5588 4902 5016 5250
1389 1571 1408 1483 1518 1260 1494 1283 1705 1198 1436 1317 1449 1271 1301 1362
2739 3099 2776 2925 2994 2485 2946 2531 3362 2362 2831 2598 2858 2507 2566 2685
3103 3512 3146 3315 3393 2816 3339 2868 3810 2676 3208 2944 3239 2841 2907 3043
1466 1659 1487 1566 1603 1330 1577 1355 1800 1265 1516 1391 1530 1342 1374 1438
2829 3201 2868 3021 3093 2566 3043 2614 3472 2439 2924 2683 2952 2590 2650 2773
2929 3315 2970 3129 3203 2658 3151 2707 3596 2526 3028 2779 3057 2682 2744 2872
1534 1735 1555 1638 1677 1391 1650 1417 1883 1323 1585 1455 1601 1404 1437 1504
1537 1739 1558 1642 1681 1395 1654 1421 1887 1326 1589 1458 1604 1407 1440 1507
4147 4692 4204 4429 4534 3762 4461 3833 5091 3576 4287 3934 4328 3796 3885 4066
4422 5004 4483 4723 4835 4012 4757 4087 5428 3813 4571 4195 4615 4048 4143 4336
3095 3502 3138 3306 3384 2808 3329 2860 3799 2669 3199 2936 3230 2833 2899 3034
1496 1693 1517 1598 1636 1358 1610 1383 1837 1290 1547 1420 1562 1370 1402 1467
1824 2063 1849 1948 1994 1654 1962 1685 2239 1573 1885 1730 1903 1669 1708 1788
3084 3489 3126 3294 3371 2798 3317 2850 3785 2659 3188 2925 3218 2823 2889 3023
3987 4511 4042 4259 4359 3617 4289 3685 4894 3438 4122 3782 4161 3650 3735 3909
4158 4706 4216 4442 4547 3773 4474 3843 5105 3586 4299 3945 4340 3807 3896 4077
1767 1999 1791 1887 1931 1603 1900 1633 2169 1523 1826 1676 1844 1617 1655 1732
6873 7777 6968 7341 7514 6235 7394 6352 8437 5927 7105 6520 7173 6292 6439 6739
1426 1614 1446 1523 1559 1294 1534 1318 1751 1230 1474 1353 1489 1306 1336 1398
2899 3281 2939 3097 3170 2630 3119 2680 3559 2500 2997 2750 3026 2654 2716 2843
0 6 4 6 6 6 6 4 6
6 0 7 6 4 7 4 7 6
7 3 0 3 4 4 5 3 3
5 4 2 0 5 5 3 7 3
4 2 4 4 0 5 5 6 2
2 7 2 3 2 0 7 6 2
2 4 4 7 4 4 0 6 4
6 2 7 5 6 7 3 0 3
7 3 2 7 6 4 6 3 0
0 4 5 7 2 3 7 7
7 0 7 2 6 4 2 4
4 6 0 3 6 4 3 2
4 6 7 0 4 6 4 6
7 2 6 7 0 5 2 2
4 5 5 2 3 0 7 4
3 7 4 4 6 5 0 3
7 3 4 3 4 6 3 0
0 4 5 7 5 7 4 2
7 0 4 6 4 3 5 2
5 4 0 4 4 3 7 4
6 3 4 0 5 5 7 7
2 5 5 6 0 4 2 6
5 4 5 2 4 0 5 6
7 6 3 3 6 7 0 5
3 7 6 4 3 3 7 0
0 5 3 6 6 7 7 3
2 0 7 6 5 6 4 7
6 3 0 3 6 7 3 6
2 3 5 0 7 6 7 6
7 3 3 2 0 7 3 6
6 7 3 2 7 0 5 2
5 3 5 3 7 7 0 7
2 3 2 2 7 5 3 0
0 3 5
4 0 6
5 2 0
0 6 7 7 6 7 4 5 4
2 0 7 2 2 7 4 3 3
6 7 0 4 2 6 7 2 6
7 5 6 0 4 6 2 2 5
6 4 7 6 0 6 2 3 4
2 7 4 3 6 0 3 5 5
2 3 3 5 5 7 0 3 6
5 6 5 5 6 2 6 0 3
3 5 5 5 6 6 5 3 0
0 7 2 7 4 3 6 2 2 2
7 0 6 3 2 3 7 5 4 2
6 6 0 3 7 3 4 5 6 3
3 2 6 0 5 5 6 6 4 3
6 2 4 5 0 6 4 6 5 4
5 4 2 7 6 0 5 7 2 7
2 7 7 2 7 3 0 6 6 5
2 3 5 6 4 7 3 0 2 6
7 4 3 7 3 6 2 5 0 2
7 7 3 3 5 3 7 4 5 0
0.3901 0.3033 0.1024 0.3402 0.1970 0.3141 0.1321 0.3687 0.2085 0.1966 0.2919 0.2854 0.2449 0.3946 0.2746 0.1720 0.2077 0.2623 0.1065 0.1606 0.2726 0.2299 0.2302 0.1081 0.1205 0.4324 0.1053 0.2827
4.2915 3.3221 1.4870 4.4765 1.9934 3.8272 1.7701 3.7924 2.8344 2.7613 4.1260 3.4111 3.3135 4.7621 3.8177 1.7398 2.3960 3.4372 1.3882 1.9382 2.8057 2.8117 2.5312 1.3481 1.6573 5.8092 1.3995 3.6202
0.0000 0.0000 0.0021 0.0025 0.0042 0.0000 0.0000 0.0000 0.0000
0.0000 0.0027 0.0000 0.0057 0.0000 0.0000 0.0014 0.0086
0.0103 0.0000 0.0000 0.0000 0.0000 0.0044 0.0000 0.0000
0.0021 0.0015 0.0000 0.0000 0.0011 0.0011 0.0055 0.0015
0.0000 0.0000 0.0035
0.0058 0.0000 0.0040 0.0000 0.0000 0.0124 0.0000 0.0042 0.0105
0.0027 0.0000 0.0041 0.0000 0.0000 0.0104 0.0112 0.0001 0.0000 0.0046
0 696 446 188 201 453 640 250 735
592 0 414 369 242 217 269 740 465
501 299 0 196 494 451 156 300 267
367 462 156 0 615 270 240 810 156
179 98 324 178 0 401 497 488 109
234 537 208 171 243 0 537 426 160
183 318 426 792 132 445 0 465 418
279 111 809 362 343 551 274 0 90
224 195 114 642 578 307 284 108 0
0 163 215 747 138 325 551 701
266 0 470 223 524 257 233 381
432 351 0 133 296 196 206 74
351 478 496 0 140 680 449 573
660 220 591 466 0 230 88 145
244 592 191 126 189 0 460 304
230 736 192 134 733 545 0 324
424 213 284 217 481 408 164 0
0 434 567 322 205 413 362 96
614 0 150 237 444 271 455 187
602 367 0 120 219 180 851 278
398 171 191 0 197 398 782 674
134 544 385 715 0 344 167 307
272 493 195 151 179 0 574 589
768 316 328 138 692 691 0 150
98 543 322 380 291 306 743 0
0 618 143 476 219 249 690 121
202 0 320 210 308 535 223 638
216 320 0 133 187 772 163 669
186 360 577 0 350 706 525 421
698 349 122 112 0 736 198 303
428 830 360 174 474 0 592 122
360 114 369 238 684 795 0 251
88 338 186 183 422 238 153 0
0 225 387
260 0 616
263 178 0
0 567 285 516 307 754 151 384 385
166 0 841 125 195 260 486 178 271
552 683 0 155 144 454 865 80 492
712 304 192 0 401 246 230 189 492
393 423 327 432 0 608 232 189 197
98 834 193 345 649 0 321 275 235
198 143 98 244 407 508 0 253 505
287 658 486 486 367 168 518 0 237
348 349 433 575 188 505 593 260 0
0 765 144 502 172 207 639 166 119 236
551 0 355 150 174 337 488 510 188 207
310 422 0 196 764 178 308 195 573 282
276 106 504 0 367 445 198 213 180 259
537 194 312 207 0 247 468 271 256 179
522 176 98 232 183 0 542 466 198 498
189 270 218 184 226 216 0 706 688 326
133 132 423 412 272 534 344 0 220 540
509 183 229 478 361 669 173 517 0 214
565 579 282 169 384 285 595 398 398 0
