28 16 112 7
165078
3 21 23 27
7 13 14 19 22 24 26
3 13 14 17
1 6 11 15 16 18 27
1 4
2 8 10 11 12 19 20 25 28
5 9 11 15 19 22
3048 1341 2222 3077
3048 1928 5882 7407 3048 3030 4348
4444 2581 2410 5714
1690 2963 6275 6897 2424 3361 5556
2162 1739
1690 2963 3934 1860 2254 1967 1798 1500 3361
3150 2759 4706 2254 2963 1500
160 160 160 160 160 160 160 160 160 160 160 160 160 160 160 160
160 160 160 160 160 160 160 160 160 160 160 160 160 160 160 160
160 160 160 160 160 160 160 160 160 160 160 160 160 160 160 160
160 160 160 160 160 160 160 160 160 160 160 160 160 160 160 160
160 160 160 160 160 160 160 160 160 160 160 160 160 160 160 160
160 160 160 160 160 160 160 160 160 160 160 160 160 160 160 160
160 160 160 160 160 160 160 160 160 160 160 160 160 160 160 160
0.0105 0.0179 0.0144 0.0130
0.0105 0.0166 0.0068 0.0054 0.0105 0.0132 0.0092
0.0072 0.0093 0.0166 0.0070
0.0142 0.0135 0.0051 0.0058 0.0165 0.0119 0.0072
0.0148 0.0138
0.0142 0.0108 0.0061 0.0129 0.0142 0.0122 0.0178 0.0160 0.0119
0.0127 0.0087 0.0051 0.0142 0.0081 0.0160
9780 7707 5965 3606 6543 7166 5392 0 646 10077 8309 9327 0 1741 4606 8992 7010 9324 7239 5151 8036 7930 8117 7218 2156 3252 7257 2531
0 0 0 0 0 0 0 1738 0 0 0 0 3452 0 0 0 0 0 0 0 0 0 0 0 0 0 0 0
4000 3816 4421 3473 3910 3900 4076 3914 4382 3671 4897 3584 4152 3922 3911 4394
2154 2055 2381 1870 2106 2101 2195 2108 2360 1977 2638 1930 2236 2112 2106 2366
3791 3616 4190 3292 3706 3697 3863 3710 4153 3479 4642 3397 3935 3718 3707 4164
1930 1841 2133 1675 1886 1882 1967 1888 2114 1771 2363 1729 2003 1892 1887 2120
2091 1994 2310 1815 2043 2038 2130 2046 2290 1918 2560 1873 2170 2050 2044 2296
2125 2027 2348 1845 2077 2072 2165 2079 2327 1950 2601 1904 2205 2083 2077 2334
2027 1934 2241 1760 1982 1977 2066 1984 2221 1861 2482 1817 2104 1988 1982 2227
1732 1652 1914 1504 1693 1689 1765 1695 1898 1590 2121 1552 1798 1699 1694 1903
1768 1686 1954 1535 1728 1724 1801 1730 1936 1622 2164 1584 1835 1733 1728 1941
2284 2179 2524 1983 2233 2227 2328 2235 2502 2096 2797 2047 2371 2240 2233 2509
5652 5391 6246 4907 5524 5511 5760 5531 6191 5186 6920 5065 5866 5542 5526 6208
2243 2140 2479 1947 2192 2187 2286 2195 2457 2058 2746 2010 2328 2199 2193 2464
3464 3305 3829 3008 3386 3378 3531 3390 3795 3179 4242 3105 3596 3397 3388 3805
3560 3396 3934 3091 3479 3471 3628 3484 3899 3267 4358 3190 3695 3491 3481 3910
3717 3545 4108 3227 3633 3624 3788 3637 4071 3411 4551 3331 3858 3645 3634 4082
2225 2122 2459 1932 2174 2169 2267 2177 2437 2041 2724 1994 2309 2181 2175 2443
2116 2019 2339 1837 2068 2063 2156 2071 2318 1942 2591 1896 2196 2075 2069 2324
2243 2139 2479 1947 2192 2187 2286 2195 2457 2058 2746 2010 2328 2199 2193 2463
5593 5335 6181 4856 5467 5454 5700 5473 6127 5133 6848 5012 5805 5485 5469 6143
2014 1921 2226 1749 1969 1964 2053 1971 2207 1848 2466 1805 2091 1975 1970 2212
2172 2072 2401 1886 2123 2118 2214 2126 2380 1993 2660 1947 2255 2130 2124 2386
3899 3719 4309 3385 3811 3802 3973 3815 4271 3578 4773 3494 4047 3823 3812 4282
2177 2076 2406 1890 2128 2122 2218 2130 2384 1998 2665 1951 2259 2135 2128 2391
2127 2029 2351 1847 2080 2074 2168 2082 2331 1952 2605 1906 2208 2086 2080 2337
1850 1765 2045 1607 1809 1804 1886 1811 2027 1698 2265 1658 1920 1814 1809 2032
1910 1822 2111 1659 1867 1863 1947 1869 2093 1753 2339 1712 1983 1873 1868 2098
3862 3684 4268 3353 3775 3766 3936 3779 4230 3544 4728 3461 4008 3787 3776 4242
1871 1785 2068 1624 1829 1824 1907 1831 2049 1717 2291 1676 1942 1835 1829 2055
0 7 7 2
6 0 5 2
3 2 0 7
6 7 6 0
0 4 2 2 2 7 2
2 0 4 6 4 4 2
2 3 0 6 4 5 6
3 4 3 0 2 6 7
4 4 6 3 0 4 5
2 4 4 7 2 0 4
2 4 4 4 2 2 0
0 3 3 6
7 0 2 2
4 5 0 6
6 4 5 0
0 4 4 3 7 3 6
2 0 4 7 4 6 4
4 4 0 4 7 3 2
6 3 7 0 4 2 5
3 4 3 5 0 4 5
3 2 4 5 6 0 7
5 5 2 2 7 3 0
0 7
4 0
0 3 4 2 6 5 7 6 4
4 0 7 6 4 4 5 7 2
4 7 0 6 2 2 5 2 7
4 2 5 0 3 4 5 2 7
2 6 3 3 0 2 7 5 3
4 4 2 7 4 0 7 6 2
3 2 3 5 3 3 0 2 3
5 6 7 7 3 6 2 0 3
3 7 4 4 7 4 3 5 0
0 6 7 4 5 4
3 0 5 5 5 5
2 5 0 2 5 6
5 7 3 0 5 5
4 3 2 7 0 6
2 3 2 3 3 0
0.0995 0.2817 0.3190 0.2625 0.1367 0.1031 0.1595 0.2558 0.1167 0.3222 0.3792 0.1853 0.0987 0.3963 0.0931 0.4109 0.2494 0.1287 0.2008 0.4329 0.1764 0.2511 0.3772 0.2187 0.1504 0.4179 0.2393 0.4261
1.3638 3.1825 4.5059 3.8415 1.7374 1.2855 1.8784 3.1114 1.4394 3.7647 5.5100 2.6916 1.4462 5.7547 1.1166 4.6960 2.8211 1.5749 2.7683 5.0764 1.8845 3.7455 5.4724 3.2799 1.9992 5.0975 2.9342 4.3954
0.0029 0.0000 0.0000 0.0073
0.0000 0.0052 0.0000 0.0000 0.0000 0.0000 0.0000
0.0000 0.0000 0.0110 0.0000
0.0030 0.0000 0.0000 0.0000 0.0000 0.0000 0.0000
0.0000 0.0000
0.0000 0.0000 0.0000 0.0098 0.0000 0.0086 0.0000 0.0000 0.0000
0.0000 0.0000 0.0000 0.0085 0.0017 0.0046
0 735 799 176
373 0 504 73
153 84 0 289
573 285 652 0
0 434 174 109 128 375 180
120 0 197 412 268 373 164
200 142 0 691 258 536 435
209 133 141 0 62 562 576
240 132 714 173 0 261 317
127 252 243 288 97 0 189
111 401 287 222 122 213 0
0 120 294 338
770 0 76 136
185 157 0 535
616 381 265 0
0 445 433 156 525 109 252
182 0 244 645 464 333 157
256 348 0 271 585 245 139
465 307 322 0 159 161 405
216 479 250 519 0 476 479
222 190 236 482 490 0 331
552 233 240 244 495 156 0
0 379
328 0
0 210 152 184 742 494 627 742 156
184 0 257 602 303 363 337 652 216
189 705 0 495 80 68 172 166 323
124 154 362 0 154 168 296 76 443
158 580 321 173 0 74 856 332 236
124 455 184 295 201 0 347 625 134
105 79 351 586 154 322 0 188 189
227 282 244 757 252 549 222 0 256
366 865 216 371 786 432 139 545 0
0 670 721 464 520 404
260 0 208 214 213 286
168 265 0 146 345 676
392 665 150 0 162 189
429 139 206 614 0 343
240 259 235 213 255 0
