28 16 112 7
202403
5 9 11 16 21 22 23
1 4 14 24
2 13 16 17 18 19 23 24 26 28
1 3 6 10 15 16 19 24 25 26
8 14 15 20 24
7 12 22
15 27
1420 4348 2182 2105 2424 3053 5000
3252 5000 1348 2222
2597 2759 6154 1678 2632 2548 3670 2222 3390 3951
2273 2614 4507 2299 1655 2474 4651 4615 2286 3596
1455 2824 1387 2520 2667
2424 2667 4138
3441 1667
160 160 160 160 160 160 160 160 160 160 160 160 160 160 160 160
160 160 160 160 160 160 160 160 160 160 160 160 160 160 160 160
160 160 160 160 160 160 160 160 160 160 160 160 160 160 160 160
160 160 160 160 160 160 160 160 160 160 160 160 160 160 160 160
160 160 160 160 160 160 160 160 160 160 160 160 160 160 160 160
160 160 160 160 160 160 160 160 160 160 160 160 160 160 160 160
160 160 160 160 160 160 160 160 160 160 160 160 160 160 160 160
0.0169 0.0092 0.0110 0.0152 0.0099 0.0131 0.0064
0.0123 0.0080 0.0178 0.0180
0.0154 0.0116 0.0052 0.0143 0.0152 0.0157 0.0109 0.0108 0.0118 0.0081
0.0176 0.0153 0.0071 0.0174 0.0145 0.0097 0.0086 0.0052 0.0140 0.0089
0.0165 0.0085 0.0173 0.0127 0.0120
0.0132 0.0120 0.0058
0.0093 0.0144
9229 0 5109 11878 7164 9151 6290 11990 4426 7008 0 6365 12592 10083 1983 7454 9951 9151 9107 3918 13778 0 3892 13050 8214 4763 11105 4751
0 1004 0 0 0 0 0 0 0 0 3199 0 0 0 0 0 0 0 0 0 0 3844 0 0 0 0 0 0
4611 4318 4101 3793 3593 3457 4781 3879 3891 4247 3789 3173 3847 3786 3804 4290
2015 1887 1792 1657 1570 1511 2089 1695 1700 1856 1655 1386 1681 1654 1662 1874
2337 2188 2078 1922 1821 1752 2423 1966 1972 2152 1920 1608 1950 1919 1928 2174
2763 2588 2458 2273 2153 2072 2865 2325 2332 2545 2271 1901 2306 2269 2280 2571
2466 2310 2193 2029 1921 1849 2557 2075 2081 2272 2027 1697 2058 2025 2034 2294
2591 2427 2305 2132 2019 1943 2687 2180 2187 2387 2129 1783 2162 2128 2138 2411
2411 2258 2144 1983 1879 1808 2500 2028 2035 2221 1981 1659 2012 1980 1989 2243
2770 2595 2464 2279 2159 2077 2873 2331 2338 2552 2277 1906 2311 2275 2285 2577
2294 2148 2040 1887 1787 1720 2378 1930 1936 2113 1885 1578 1914 1883 1892 2134
2456 2301 2185 2021 1914 1842 2547 2067 2073 2263 2018 1690 2049 2017 2026 2285
2015 1887 1792 1657 1570 1511 2089 1695 1700 1856 1655 1386 1681 1654 1662 1874
2416 2263 2148 1987 1882 1811 2505 2032 2039 2225 1985 1662 2016 1984 1993 2247
2808 2630 2498 2310 2188 2106 2912 2363 2370 2587 2308 1932 2343 2306 2317 2613
4665 4369 4149 3837 3634 3498 4837 3925 3937 4297 3833 3210 3892 3830 3848 4340
6169 5777 5486 5074 4806 4625 6397 5190 5206 5682 5069 4245 5147 5065 5089 5739
6514 6100 5793 5358 5075 4884 6754 5480 5497 6000 5352 4482 5434 5348 5373 6060
2642 2474 2350 2173 2058 1981 2739 2223 2230 2434 2171 1818 2204 2169 2179 2458
2591 2427 2305 2132 2019 1943 2687 2180 2187 2387 2129 1783 2162 2128 2138 2411
4603 4311 4094 3787 3587 3452 4773 3873 3885 4240 3783 3168 3841 3780 3797 4282
2262 2118 2011 1860 1762 1696 2345 1903 1909 2083 1858 1556 1887 1857 1866 2104
2883 2700 2564 2372 2246 2162 2990 2426 2433 2656 2369 1984 2405 2367 2378 2682
4029 3774 3583 3314 3139 3021 4178 3390 3400 3712 3311 2773 3362 3308 3324 3748
4275 4003 3802 3516 3330 3205 4432 3596 3607 3938 3512 2941 3566 3510 3526 3977
8881 8318 7898 7305 6919 6659 9209 7472 7495 8181 7298 6111 7410 7292 7326 8262
2532 2372 2252 2083 1973 1899 2626 2131 2137 2333 2081 1743 2113 2079 2089 2356
4329 4055 3850 3561 3373 3246 4489 3642 3654 3988 3558 2979 3612 3555 3571 4028
2715 2542 2414 2233 2115 2035 2815 2284 2291 2501 2231 1868 2265 2229 2239 2525
2314 2167 2058 1904 1803 1735 2400 1947 1953 2132 1902 1592 1931 1900 1909 2153
0 5 2 3 5 6 4
5 0 2 4 7 3 2
6 3 0 5 4 2 2
3 5 2 0 5 3 7
2 6 4 4 0 7 6
4 6 2 3 7 0 4
6 4 5 5 3 6 0
0 4 5 6
5 0 7 7
5 3 0 2
6 4 3 0
0 4 6 5 4 2 5 6 6 4
4 0 3 2 5 2 5 7 7 4
6 3 0 6 5 4 7 6 4 6
2 7 7 0 6 5 3 3 4 5
6 3 3 3 0 5 2 3 4 6
3 5 2 7 6 0 6 3 2 6
2 7 6 6 7 3 0 3 6 6
2 7 7 6 4 5 7 0 7 6
3 4 7 3 5 6 7 5 0 2
6 7 4 2 7 3 3 4 6 0
0 7 2 2 4 2 7 3 5 4
4 0 4 3 6 2 6 7 2 7
5 6 0 7 3 7 3 7 5 6
7 5 7 0 3 7 6 3 2 3
4 2 5 2 0 4 7 4 7 2
7 4 4 2 7 0 4 2 4 3
4 5 6 5 5 5 0 5 2 2
5 3 5 3 3 5 5 0 3 6
6 4 2 7 5 2 7 4 0 7
2 6 4 6 4 7 7 3 4 0
0 7 5 2 7
4 0 4 4 2
5 6 0 3 2
4 3 6 0 3
5 7 2 7 0
0 4 5
3 0 2
4 6 0
0 3
7 0
0.2217 0.1036 0.3064 0.4123 0.4079 0.3320 0.2916 0.4130 0.2483 0.3241 0.2345 0.1366 0.3831 0.1284 0.1275 0.1554 0.2437 0.2088 0.3718 0.2543 0.3460 0.3328 0.1309 0.2388 0.4312 0.2595 0.1566 0.2102
2.9887 1.1540 3.5102 4.4662 4.4537 3.4244 3.0779 4.2972 3.3803 3.4816 2.4295 1.7778 4.7665 1.7920 1.5780 2.2162 3.0519 2.5371 4.2711 3.3874 3.8342 3.3921 1.8328 2.9338 4.9673 3.0812 2.1060 2.6297
0.0000 0.0000 0.0000 0.0135 0.0000 0.0063 0.0000
0.0000 0.0000 0.0119 0.0117
0.0000 0.0000 0.0000 0.0000 0.0000 0.0045 0.0059 0.0030 0.0022 0.0000
0.0064 0.0000 0.0000 0.0000 0.0071 0.0064 0.0000 0.0000 0.0000 0.0000
0.0000 0.0000 0.0069 0.0000 0.0065
0.0000 0.0000 0.0000
0.0000 0.0000
0 529 119 358 373 374 176
544 0 166 360 774 103 206
724 100 0 440 339 241 229
288 578 186 0 178 349 313
111 626 474 419 0 781 270
483 648 101 132 779 0 360
208 198 575 347 205 285 0
0 328 478 296
264 0 359 625
515 306 0 131
183 152 152 0
0 254 403 485 396 198 458 300 288 120
210 0 161 96 306 176 369 383 429 414
664 127 0 585 160 184 468 703 229 705
95 607 616 0 328 531 165 165 349 292
276 118 146 315 0 425 208 273 411 544
363 416 222 368 470 0 236 352 74 393
177 553 202 297 744 370 0 151 675 267
139 676 732 304 486 515 611 0 519 211
115 447 819 297 348 564 484 604 0 104
633 726 253 125 723 155 336 437 374 0
0 378 91 219 463 246 324 369 511 240
150 0 484 283 733 171 256 239 153 704
425 182 0 233 176 371 247 679 581 484
217 579 676 0 145 403 651 217 84 252
372 211 487 88 0 170 784 305 505 187
611 177 231 231 530 0 211 146 129 336
275 456 624 202 283 545 0 592 122 190
350 121 615 242 277 181 220 0 292 208
340 197 224 366 522 158 378 443 0 312
62 216 379 505 148 733 847 358 484 0
0 466 168 115 320
333 0 339 336 86
300 708 0 105 130
199 261 621 0 126
444 812 148 389 0
0 381 342
178 0 214
296 721 0
0 349
620 0
