24 16 112 5
650000
01 08 11 12
04 06 07 08 13 18 20 21 22
05 08 09 11 12 14 17
02 03 06 07 08 10 11 12 15 16 19 24
06 07 13 18 20 21 22 23
6000 5280 4800 5760
12000 12000 12000 12000 15984 10560 15984 9600 19200
9984 5280 9984 11520 12000 11808 7440
5520 12000 9600 9600 9600 9984 10464 12000 12000 5520 16800 9984
12000 12000 15984 10560 15984 9600 19200 10560
168 168 168 168 168 168 168 168 168 168 168 168 168 168 168 168
168 168 168 168 168 168 168 168 168 168 168 168 168 168 168 168
168 168 168 168 168 168 168 168 168 168 168 168 168 168 168 168
168 168 168 168 168 168 168 168 168 168 168 168 168 168 168 168
168 168 168 168 168 168 168 168 168 168 168 168 168 168 168 168
0.008 0.009090909 0.01 0.008333333
0.004 0.004 0.004 0.004 0.003003003 0.004545455 0.003003003 0.005 0.0025
0.004807692 0.009090909 0.004807692 0.004166667 0.004 0.004065041 0.006451613
0.008695652 0.004 0.005 0.005 0.005 0.004807692 0.004587156 0.004 0.004 0.008695652 0.002857143 0.004807692
0.004 0.004 0.003003003 0.004545455 0.003003003 0.005 0.0025 0.004545455
3172 10844 7305 3797 14649 31877 1307 89204 16881 30891 11584 133467 17650 19712 18253 6324 11181 21745 10553 41942 9337 4430 10406 16647
0 0 0 0 0 0 0 0 0 0 0 0 0 0 0 0 0 0 0 0 0 0 0 0
1500 1500 2250 2250 1500 1500 2250 2250 1500 1500 2250 2250 1500 1500 2250 2250
612 612 918 918 612 612 918 918 612 612 918 918 613 613 920 920
4005 4005 6008 6008 4058 4058 6087 6087 3870 3870 5805 5805 4302 4302 6453 6453
5100 5100 7649 7649 5193 5193 7789 7789 4731 4731 7097 7097 4975 4975 7463 7463
3197 3197 4795 4795 3680 3680 5520 5520 5534 5534 8301 8301 4054 4054 6081 6081
15037 15037 22556 22556 14900 14900 22351 22351 15396 15396 23094 23094 15071 15071 22606 22606
3600 3600 5400 5400 3536 3536 5305 5305 4539 4539 6809 6809 4309 4309 6463 6463
14223 14223 21335 21335 14063 14063 21095 21095 14321 14321 21481 21481 15149 15149 22724 22724
4764 4764 7146 7146 4710 4710 7065 7065 4586 4586 6880 6880 4957 4957 7436 7436
4000 4000 6000 6000 4040 4040 6060 6060 3578 3578 5367 5367 3340 3340 5010 5010
4064 4064 6096 6096 4181 4181 6272 6272 4560 4560 6839 6839 4186 4186 6279 6279
25909 25909 38864 38864 26351 26351 39526 39526 26163 26163 39245 39245 25576 25576 38364 38364
8265 8265 12398 12398 8268 8268 12401 12401 8410 8410 12614 12614 8070 8070 12104 12104
4194 4194 6291 6291 4244 4244 6366 6366 3728 3728 5592 5592 4124 4124 6187 6187
4938 4938 7407 7407 4938 4938 7407 7407 4938 4938 7407 7407 4791 4791 7186 7186
536 536 804 804 535 535 803 803 535 535 803 803 536 536 804 804
3684 3684 5526 5526 4120 4120 6180 6180 4356 4356 6534 6534 4173 4173 6260 6260
4444 4444 6667 6667 5333 5333 8000 8000 4203 4203 6305 6305 5640 5640 8460 8460
825 825 1238 1238 644 644 967 967 607 607 911 911 720 720 1079 1079
9816 9816 14724 14724 9414 9414 14121 14121 9537 9537 14306 14306 9045 9045 13568 13568
1216 1216 1824 1824 1745 1745 2618 2618 2233 2233 3350 3350 2016 2016 3024 3024
1051 1051 1576 1576 1493 1493 2240 2240 1139 1139 1709 1709 951 951 1427 1427
1740 1740 2610 2610 1816 1816 2724 2724 1500 1500 2250 2250 1500 1500 2250 2250
2000 2000 3000 3000 2000 2000 3000 3000 2000 2000 3000 3000 2006 2006 3010 3010
0 4 3 0.5
4 0 5 4
5 6 0 5
0.5 4 3 0
0 4 4 0.5 5 4 5 5 5
4 0 0.5 4 5 4 5 5.5 5.5
4 0.5 0 4 5 4 5 5.5 5.5
0.5 4 4 0 5 4 5 5 5
5 5 5 5 0 4 0.5 6 6
4 4 4 4 5 0 5 5.5 5.5
4 4 4 4 0.5 4 0 6 6
5 5.5 5.5 5 6 5.5 6 0 3
5 5.5 5.5 5 6 5.5 6 3 0
0 3 0.5 3 3 3 3
3 0 3 3 3 3 3
0.5 3 0 3 3 3 3
6 6 6 0 3 3 6
3 3 3 2 0 2 3
6 6 6 3 3 0 6
3 3 3 3 3 3 0
0 4 5 5 5 5 5 5 4 2 4 6
4 0 5 5 5 5 5 5 2 4 4 7
5 5 0 0.5 4 4 5 2 5 5 5 8
5 5 0.5 0 4 4 5 4 5 5 5 8
5 5 4 4 0 4 5 4 5 5 5 8
5 5 4 4 4 0 5 4 5 5 5 8
6 6 6 6 6 6 0 6 6 6 6 8
5 5 4 4 4 4 5 0 6 6 5 8
6 4 6 6 6 6 6 6 0 4 6 8
4 6 6 6 6 6 6 6 4 0 6 8
4 4 5 5 5 5 5 5 4 4 0 8
6 8 8 8 8 8 8 8 8 6 8 0
0 0.5 4 4 4 5 5 4
0.5 0 4 4 4 5 5 4
4.5 4.5 0 4.5 0.5 5.5 5.5 4.5
4 4 4 0 4 5 5 0.5
4 4 0.5 4 0 5 5 4
5 5 5 5 5 0 1 5
5 5 5 5 5 1 0 5
4 4 4 0.5 4 5 5 0
0.13 0.139208333 0.166616667 0.13 0.196733333 0.175933333 0.175933333 0.183625 0.196733333 0.212008333 0.162825 0.167808333 0.135958333 0.162283333 0.1261 0.140941667 0.097608333 0.205616667 0.072691667 0.1378 0.215258333 0.109741667 0.13 0.13
1.3 1.392083333 1.666166667 1.3 1.967333333 1.759333333 1.759333333 1.83625 1.967333333 2.120083333 1.62825 1.678083333 1.359583333 1.622833333 1.261 1.409416667 0.976083333 2.056166667 0.726916667 1.378 2.152583333 1.097416667 1.3 1.3
0 1.272727273 1.4 1.083333333
0 0 0 0 0 0 0 0 0
0 1.272727273 0 0 0 0 0
0 0 0.25 0.25 0.25 0 0.100917431 0 0 0 0 0
0 0 0 0 0 0 0 0
0 298.32 180.36 37.176
309.8 0 300.6 297.408
387.25 447.48 0 371.76
38.725 298.32 180.36 0
0 649.6 649.6 84.75 835.83 668.096 847.152 794.8 810.4
678 0 81.2 678 835.83 668.096 847.152 874.28 891.44
678 81.2 0 678 835.83 668.096 847.152 874.28 891.44
84.75 649.6 649.6 0 835.83 668.096 847.152 794.8 810.4
847.5 812 812 847.5 0 668.096 84.7152 953.76 972.48
678 649.6 649.6 678 835.83 0 847.152 874.28 891.44
678 649.6 649.6 678 83.583 668.096 0 953.76 972.48
847.5 893.2 893.2 847.5 1002.996 918.632 1016.5824 0 486.24
847.5 893.2 893.2 847.5 1002.996 918.632 1016.5824 476.88 0
0 223.74 75.5456 432.864 464.7 442.2096 167.586
453.2736 0 453.2736 432.864 464.7 442.2096 167.586
75.5456 223.74 0 432.864 464.7 442.2096 167.586
906.5472 447.48 906.5472 0 464.7 442.2096 335.172
453.2736 223.74 453.2736 288.576 0 294.8064 167.586
906.5472 447.48 906.5472 432.864 464.7 0 335.172
453.2736 223.74 453.2736 432.864 464.7 442.2096 0
0 615.2 649.6 649.6 678 814.112 655.308 774.5 465.6 119.692 375.76 649.4592
236.44 0 649.6 649.6 678 814.112 655.308 774.5 232.8 239.384 375.76 757.7024
295.55 769 0 64.96 542.4 651.2896 655.308 309.8 582 299.23 469.7 865.9456
295.55 769 64.96 0 542.4 651.2896 655.308 619.6 582 299.23 469.7 865.9456
295.55 769 519.68 519.68 0 651.2896 655.308 619.6 582 299.23 469.7 865.9456
295.55 769 519.68 519.68 542.4 0 655.308 619.6 582 299.23 469.7 865.9456
354.66 922.8 779.52 779.52 813.6 976.9344 0 929.4 698.4 359.076 563.64 865.9456
295.55 769 519.68 519.68 542.4 651.2896 655.308 0 698.4 359.076 469.7 865.9456
354.66 615.2 779.52 779.52 813.6 976.9344 786.3696 929.4 0 239.384 563.64 865.9456
236.44 922.8 779.52 779.52 813.6 976.9344 786.3696 929.4 465.6 0 563.64 865.9456
236.44 615.2 649.6 649.6 678 814.112 655.308 774.5 465.6 239.384 0 865.9456
354.66 1230.4 1039.36 1039.36 1084.8 1302.5792 1048.4928 1239.2 931.2 359.076 751.52 0
0 81.2 668.664 668.096 677.7216 794.8 810.4 668.096
81.2 0 668.664 668.096 677.7216 794.8 810.4 668.096
730.8 730.8 0 751.608 84.7152 874.28 891.44 751.608
649.6 649.6 668.664 0 677.7216 794.8 810.4 83.512
649.6 649.6 83.583 668.096 0 794.8 810.4 668.096
812 812 835.83 835.12 847.152 0 162.08 835.12
812 812 835.83 835.12 847.152 158.96 0 835.12
649.6 649.6 668.664 83.512 677.7216 794.8 810.4 0
