7 16 112 2
20800
01 02 04
01 02 03 04 05 06 07
300 300 300
552 540 1032 540 456 456 504
168 168 168 168 168 168 168 168 168 168 168 168 168 168 168 168
168 168 168 168 168 168 168 168 168 168 168 168 168 168 168 168
0.04 0.04 0.04
0.02173913 0.022222222 0.011627907 0.022222222 0.026315789 0.026315789 0.023809524
6926 874 2163 761 1471 677 640
0 0 0 0 0 0 0
2961 3948 4936 7897 2802 3736 4671 7473 3183 4244 5306 8489 2622 3496 4370 6992
883 1178 1472 2356 901 1201 1502 2403 870 1159 1449 2319 873 1164 1455 2327
485 646 808 1292 666 888 1110 1776 804 1072 1340 2144 920 1226 1533 2452
160 213 267 426 150 201 251 401 153 204 255 407 153 204 255 408
1126 1501 1876 3002 1160 1546 1933 3093 788 1051 1314 2102 909 1212 1515 2424
104 139 174 278 167 222 278 444 239 319 399 638 180 240 300 479
981 1308 1635 2616 1131 1508 1885 3016 1004 1338 1673 2676 1172 1562 1953 3124
0 2 2
2 0 2
2 2 0
0 2 6 2 4 4 2
2 0 6 2 4 4 2
6 6 0 6 6 6 6
2 2 6 0 4 4 2
4 4 6 4 0 2 4
4 4 6 4 2 0 4
2 2 6 2 4 4 0
0.382958333 0.419575 0.223383333 0.385666667 0.437666667 0.435716667 0.465833333
3.829583333 4.19575 2.233833333 3.856666667 4.376666667 4.357166667 4.658333333
1.84 1.8 1.8
0 0 0 0 0 0 0
0.07
0 135.555 124.6
123.725 0 124.6
123.725 135.555 0
0 243.999 744.7944 224.28 429.856 427.9408 252.84
227.654 0 744.7944 224.28 429.856 427.9408 252.84
682.962 731.997 0 672.84 644.784 641.9112 758.52
227.654 243.999 744.7944 0 429.856 427.9408 252.84
455.308 487.998 744.7944 448.56 0 213.9704 505.68
455.308 487.998 744.7944 448.56 214.928 0 505.68
227.654 243.999 744.7944 224.28 429.856 427.9408 0