20 16 112 2
25000
01 02 03 04 05 06 07 08 09 10 12 13 14 15 16 17 18 19 20
01 03 06 07 10 11 13 15 16 17 18 19 20
304 293 243 263 243 243 243 243 253 243 233 250 244 243 250 243 250 320 243
284 265 284 284 265 232 351 284 350 284 351 351 284
168 168 168 168 168 168 168 168 168 168 168 168 168 168 168 168
168 168 168 168 168 168 168 168 168 168 168 168 168 168 168 168
0.0263 0.0273 0.033 0.0305 0.033 0.033 0.033 0.033 0.0316 0.033 0.0328 0.032 0.0328 0.033 0.032 0.033 0.032 0.025 0.033
0.0282 0.0302 0.0282 0.0282 0.0302 0.0345 0.0228 0.0282 0.0229 0.0282 0.0228 0.0228 0.0282
1810 2005 1098 2445 30 45 62 76 320 567 342 302 1532 447 280 201 43 666 93 102
0 0 0 0 0 0 0 0 0 0 0 0 0 0 0 0 0 0 0 0
909 1111 1115 1466 1085 1190 1301 1969 896 935 1043 1959 717 938 1150 1826
1014 1239 1245 2198 1051 1153 1260 1600 930 970 1083 1540 597 780 957 1518
448 548 550 1414 358 393 429 716 427 445 497 1029 342 447 549 871
1068 1227 1233 2081 1588 1742 1904 2284 1408 1469 1640 2092 773 1012 1242 1570
18 22 22 56 126 138 151 252 97 101 113 234 19 24 30 47
21 26 26 67 127 140 153 255 138 144 161 333 17 22 27 43
14 17 17 45 32 35 38 64 53 55 62 127 46 61 75 118
33 41 41 105 59 65 71 118 57 60 67 138 23 30 37 59
185 226 227 504 952 1045 1143 1505 648 676 755 1362 480 627 770 1022
268 328 329 846 315 346 378 630 345 360 401 830 232 304 373 592
294 360 361 928 252 276 302 503 278 290 324 670 273 357 439 696
148 180 181 466 133 146 160 267 204 213 238 492 138 180 221 351
656 802 805 1068 859 942 1030 1717 1026 1080 1229 1955 870 1038 1197 1816
224 274 275 606 296 325 355 592 339 354 395 618 413 541 663 853
134 164 164 423 267 292 319 533 337 352 392 812 232 304 373 592
92 113 113 291 81 89 97 162 158 165 184 380 68 88 109 172
15 19 19 48 19 21 23 38 18 19 21 43 15 20 25 39
333 407 409 1051 416 456 498 831 257 269 300 620 351 459 563 894
45 56 56 143 57 62 68 113 11 12 13 27 29 38 47 75
45 56 56 143 57 62 68 113 53 56 62 129 102 134 164 260
0 3 2 4 3 0.5 0.5 3 4 0.5 6 2 4 2 2 2 2 2 2
2 0 3 6 0.5 2 2 0.5 6 2 4 2 7 3 2 3 2 2 3
2 4.5 0 4 4.5 2 2 4.5 4 2 8 4 4 1 4 1 4 4 1
4 8 4 0 8 4 4 8 0.5 4 3 2 0.5 4 2 4 2 2 4
2 0.5 3 6 0 2 2 0.5 6 2 4 2 7 3 2 3 2 2 3
0.5 3 2 4 3 0 0.5 3 4 0.5 6 2 4 2 2 2 2 2 2
0.5 3 2 4 3 0.5 0 3 4 0.5 6 2 4 2 2 2 2 2 2
2 0.5 3 6 0.5 2 2 0 6 2 4 2 7 3 2 3 2 2 3
4 8 4 0.5 8 4 4 8 0 4 3 2 0.5 4 2 4 2 2 4
0.5 3 2 4 3 0.5 0.5 3 4 0 6 2 4 2 2 2 2 2 2
5 4 6 2 4 5 5 4 2 5 0 3 3 7 3 7 3 3 7
2 3 4 2 3 2 2 3 2 2 4 0 2 4 0.5 4 0.5 0.5 4
4 8 4 0.5 8 4 4 8 0.5 4 3 2 0 5 2 5 2 2 5
2 4 1 4 4 2 2 4 4 2 8 4 5 0 4 0.5 4 4 0.5
2 3 4 2 3 2 2 3 2 2 4 0.5 2 4 0 4 1.5 1.5 4
2 4 1 4 4 2 2 4 4 2 8 4 5 0.5 4 0 4 4 0.5
2 3 4 2 3 2 2 3 2 2 4 0.5 2 4 0.5 4 0 0.5 4
2 3 4 2 3 2 2 3 2 2 4 0.5 2 4 0.5 4 0.5 0 4
2 4 1 4 4 2 2 4 4 2 8 4 5 0.5 4 0.5 4 4 0
0 2 0.5 0.5 0.5 4 2.5 1 2.5 1 3.5 3.5 1
2 0 2 2 2 7.5 4.5 1 4.5 2.5 6 6 2.5
0.5 2 0 0.5 0.5 4 2.5 1 2.5 1 3.5 3.5 1
0.5 2 0.5 0 0.5 4 2.5 1 2.5 1 3.5 3.5 1
0.5 2 0.5 0.5 0 4 2.5 1 2.5 1 3.5 3.5 1
4 7.5 4 4 4 0 5 5 7 5 7.5 7.5 5
2.5 4 2.5 2.5 2.5 7 0 3.5 0.5 3 1 1 3
0.5 2.5 0.5 0.5 0.5 4.5 2.5 0 3 0.5 2.5 2.5 0.5
2.5 4 2.5 2.5 2.5 7 0.5 3 0 3.5 1 1 3.5
0.5 2.5 0.5 0.5 0.5 4 3 0.5 3 0 3 3 0.5
3 4.5 3 3 3 7.5 1 3 0.5 2.5 0 0.5 2.5
3 4.5 3 3 3 7.5 1 3 0.5 2.5 0.5 0 2.5
1 2.5 1 1 1 4.5 3 0.5 0.5 3.5 2.5 2.5 0
0.0761 0.0845 0.0819 0.1014 0.097 0.0774 0.0785 0.0983 0.1056 0.0827 0.1074 0.1152 0.0607 0.11 0.0883 0.0615 0.0894 0.0619 0.0619 0.078
0.761 0.845 0.819 1.014 0.97 0.774 0.785 0.983 1.056 0.827 1.074 1.152 0.607 1.1 0.883 0.615 0.894 0.619 0.619 0.78
0 0 1.274 0 0 2.081 2.108 0 0 1.288 0 3.208 0 2.374 3.243 2.402 3.275 0.99 2.095
0.911 0 0 0 0 0 0 0 0 0 0 0 0
0 165.54 107.88 240.99 183.5 18.48 18.73 185.32 248.5 19.75 503.05 102.13 256.39 114.03 103.08 115.04 103.63 103.63 104.16
102.4 0 161.82 466.13 23.16 103.64 104.62 23.46 477.4 108.71 265.6 102.13 570.76 171.05 103.08 172.56 103.63 103.63 156.23
102.4 326.79 0 240.99 353.74 103.64 104.62 356.46 248.5 108.71 670.73 204.26 256.39 42.17 206.15 42.67 207.27 207.27 37.23
204.79 580.96 215.76 0 628.86 207.28 209.25 633.71 23.64 217.41 199.2 102.13 24.62 228.07 103.08 230.08 103.63 103.63 208.31
102.4 20.17 161.82 466.13 0 103.64 104.62 23.46 477.4 108.71 265.6 102.13 570.76 171.05 103.08 172.56 103.63 103.63 156.23
18.17 165.54 107.88 240.99 183.5 0 18.73 185.32 248.5 19.75 503.05 102.13 256.39 114.03 103.08 115.04 103.63 103.63 104.16
18.17 165.54 107.88 240.99 183.5 18.48 0 185.32 248.5 19.75 503.05 102.13 256.39 114.03 103.08 115.04 103.63 103.63 104.16
102.4 20.17 161.82 466.13 23.16 103.64 104.62 0 477.4 108.71 265.6 102.13 570.76 171.05 103.08 172.56 103.63 103.63 156.23
204.79 580.96 215.76 22.7 628.86 207.28 209.25 633.71 0 217.41 199.2 102.13 24.62 228.07 103.08 230.08 103.63 103.63 208.31
18.17 165.54 107.88 240.99 183.5 18.48 18.73 185.32 248.5 0 503.05 102.13 256.39 114.03 103.08 115.04 103.63 103.63 104.16
343.19 220.72 428.27 120.5 244.67 346.3 348.76 247.09 124.25 358.96 0 153.19 192.29 521.2 154.62 524.73 155.45 155.45 486.63
102.4 165.54 215.76 120.5 183.5 103.64 104.62 185.32 124.25 108.71 265.6 0 128.19 228.07 18.34 230.08 18.48 18.48 208.31
204.79 580.96 215.76 22.7 628.86 207.28 209.25 633.71 23.64 217.41 199.2 102.13 0 372.28 103.08 374.8 103.63 103.63 347.59
102.4 220.72 39.09 240.99 244.67 103.64 104.62 247.09 248.5 108.71 670.73 204.26 407.69 0 206.15 21.34 207.27 207.27 18.61
102.4 165.54 215.76 120.5 183.5 103.64 104.62 185.32 124.25 108.71 265.6 18.11 128.19 228.07 0 230.08 55.45 55.45 208.31
102.4 220.72 39.09 240.99 244.67 103.64 104.62 247.09 248.5 108.71 670.73 204.26 407.69 21.08 206.15 0 207.27 207.27 18.61
102.4 165.54 215.76 120.5 183.5 103.64 104.62 185.32 124.25 108.71 265.6 18.11 128.19 228.07 18.34 230.08 0 18.48 208.31
102.4 165.54 215.76 120.5 183.5 103.64 104.62 185.32 124.25 108.71 265.6 18.11 128.19 228.07 18.34 230.08 18.48 0 208.31
102.4 220.72 39.09 240.99 244.67 103.64 104.62 247.09 248.5 108.71 670.73 204.26 407.69 21.08 206.15 21.34 207.27 207.27 0
0 107.88 18.48 18.73 19.75 264.59 127.66 42.17 128.85 42.67 181.36 181.36 37.23
102.4 0 103.64 104.62 108.71 614.27 294.12 42.17 296.26 143.8 415.54 415.54 130.19
18.17 107.88 0 18.73 19.75 264.59 127.66 42.17 128.85 42.67 181.36 181.36 37.23
18.17 107.88 18.48 0 19.75 264.59 127.66 42.17 128.85 42.67 181.36 181.36 37.23
18.17 107.88 18.48 18.73 0 264.59 127.66 42.17 128.85 42.67 181.36 181.36 37.23
204.79 522.7 207.28 209.25 217.41 0 342.52 372.28 482.85 374.8 506.78 506.78 347.59
127.99 15.76 129.55 130.78 135.88 585.12 0 199.56 18.34 172.56 36.97 36.97 156.23
18.17 134.85 18.48 18.73 19.75 362 127.66 0 154.62 21.34 129.54 129.54 18.61
127.99 215.76 129.55 130.78 135.88 585.12 18.11 171.05 0 201.32 36.97 36.97 182.27
18.17 134.85 18.48 18.73 19.75 264.59 153.19 21.08 154.62 0 155.45 155.45 18.61
153.59 307.06 155.46 156.94 163.06 614.27 36.21 171.05 18.34 143.8 0 18.48 130.19
153.59 307.06 155.46 156.94 163.06 614.27 36.21 171.05 18.34 143.8 18.48 0 130.19
36.35 134.85 36.97 37.46 39.5 362 153.19 21.08 18.34 201.32 129.54 129.54 0
