8 16 112 3
56500
03 05 06
01 02 03 04 05 06 07 08
05
480 1248 1200
1440 336 480 480 816 1800 960 1032
888
168 168 168 168 168 168 168 168 168 168 168 168 168 168 168 168
168 168 168 168 168 168 168 168 168 168 168 168 168 168 168 168
168 168 168 168 168 168 168 168 168 168 168 168 168 168 168 168
0.05 0.019230769 0.02
0.016666667 0.071428571 0.05 0.05 0.029411765 0.013333333 0.025 0.023255814
0.027027027
2082 208 47 225 24717 11566 442 3151
0 0 0 0 0 0 0 0
800 800 1200 1200 840 840 1260 1260 840 840 1260 1260 840 840 1260 1260
80 80 120 120 90 90 135 135 74 74 111 111 84 84 126 126
190 190 285 285 190 190 285 285 190 190 285 285 190 190 285 285
267 267 401 401 308 308 462 462 252 252 378 378 330 330 495 495
7800 7800 11700 11700 7600 7600 11400 11400 7600 7600 11400 11400 8000 8000 12000 12000
6200 6200 9300 9300 6200 6200 9300 9300 6200 6200 9300 9300 6400 6400 9600 9600
400 400 600 600 400 400 600 600 400 400 600 600 400 400 600 600
300 300 450 450 400 400 600 600 1000 1000 1500 1500 1000 1000 1500 1500
0 1 2
1 0 2
2 2 0
0 3 3 3 3 3 3 3
3 0 3 1 3 1 3 3
3 3 0 3 1 3 3 3
3 1 3 0 3 1 3 3
3 3 1 3 0 3 3 3
3 1 3 1 3 0 3 3
3 3 3 3 3 3 0 3
3 3 3 3 3 3 3 0
0
0.21255 0.484466667 0.682175 0.233783333 0.633425 0.232808333 0.461608333 0.4875
2.1255 4.844666667 6.82175 2.337833333 6.33425 2.328083333 4.616083333 4.875
0 0 1.5
0 0 0 0 1.529411765 0 0 0
1.405405405
0 91.2132 64.47
37.782 0 64.47
75.564 182.4264 0
0 56.3472 113.346 38.844 178.9182 145.0575 153.396 174.15
105.948 0 113.346 12.948 178.9182 48.3525 153.396 174.15
105.948 56.3472 0 38.844 59.6394 145.0575 153.396 174.15
105.948 18.7824 113.346 0 178.9182 48.3525 153.396 174.15
105.948 56.3472 37.782 38.844 0 145.0575 153.396 174.15
105.948 18.7824 113.346 12.948 178.9182 0 153.396 174.15
105.948 56.3472 113.346 38.844 178.9182 145.0575 0 174.15
105.948 56.3472 113.346 38.844 178.9182 145.0575 153.396 0
0
