9 16 112 4
195000
01 02 03 04
01 02 03 04 08
01 05 06 07 08 09
01 04 06
1560 1176 1176 1752
1440 1944 1944 3312 1634.4
1680 1728 1944 2184 1764 1680
1800 3888 2280
168 168 168 168 168 168 168 168 168 168 168 168 168 168 168 168
168 168 168 168 168 168 168 168 168 168 168 168 168 168 168 168
168 168 168 168 168 168 168 168 168 168 168 168 168 168 168 168
168 168 168 168 168 168 168 168 168 168 168 168 168 168 168 168
0.015384615 0.020408163 0.020408163 0.01369863
0.016666667 0.012345679 0.012345679 0.007246377 0.014684288
0.014285714 0.013888889 0.012345679 0.010989011 0.013605442 0.014285714
0.013333333 0.00617284 0.010526316
29229 33190 6258 18514 5896 14586 7523 10930 30084
0 0 0 0 0 0 0 0 0
12453 12453 18680 18680 13363 13363 20044 20044 14682 14682 22022 22022 14651 14651 21977 21977
2904 2904 4356 4356 3069 3069 4603 4603 3490 3490 5235 5235 2434 2434 3652 3652
1527 1527 2291 2291 1349 1349 2023 2023 1553 1553 2330 2330 1356 1356 2034 2034
4272 4272 6409 6409 3334 3334 5001 5001 3658 3658 5487 5487 3655 3655 5483 5483
872 872 1308 1308 1287 1287 1930 1930 1245 1245 1868 1868 1282 1282 1924 1924
1730 1730 2596 2596 2217 2217 3325 3325 2392 2392 3588 3588 2541 2541 3812 3812
1896 1896 2844 2844 2400 2400 3600 3600 2753 2753 4130 4130 2873 2873 4309 4309
8988 8988 13482 13482 9645 9645 14468 14468 10596 10596 15894 15894 10575 10575 15862 15862
2017 2017 3025 3025 2251 2251 3377 3377 2369 2369 3554 3554 2238 2238 3357 3357
0 2 2 2
2 0 2 2
2 2 0 2
2 2 2 0
0 2 2 2 5
2 0 2 2 5
2 2 0 2 5
2 2 2 0 5
5 5 5 5 0
0 6 6 6 5 5
6 0 5 5 6 6
6 5 0 5 6 6
6 5 5 0 6 6
5 6 6 6 0 2
5 6 6 6 2 0
0 2 6
2 0 6
6 6 0
0.610241667 0.756058333 0.775883333 0.342116667 0.545783333 0.535166667 0.502883333 0.598325 0.671883333
6.102416667 7.560583333 7.758833333 3.421166667 5.457833333 5.351666667 5.028833333 5.98325 6.718833333
1.153846154 1.653061224 1.653061224 2.219178082
1.25 0 0 1.173913043 1.079295154
1.071428571 0 1.172839506 0 0 0
0 0 0
0 273.5768 280.7504 184.4272
292.916 0 280.7504 184.4272
292.916 273.5768 0 184.4272
292.916 273.5768 280.7504 0
0 452.2392 464.0976 348.6432 752.2326
270.384 0 464.0976 348.6432 752.2326
270.384 452.2392 0 348.6432 752.2326
270.384 452.2392 464.0976 0 752.2326
675.96 1130.598 1160.244 871.608 0
0 870.5664 960.336 1013.8128 811.881 868.28
946.344 0 800.28 844.844 974.2572 1041.936
946.344 725.472 0 844.844 974.2572 1041.936
946.344 725.472 800.28 0 974.2572 1041.936
788.62 870.5664 960.336 1013.8128 0 347.312
788.62 870.5664 960.336 1013.8128 324.7524 0
0 409.2768 1126.32
337.98 0 1126.32
1013.94 1227.8304 0
