26 16 112 7
330000
01 03 05 24
01 13 14
14 21 22 23 26
01 05 13 14 21 25
01 06 22
04 07 10 11 12 13 14 15 16 17 19
02 03 04 05 08 09 10 11 13 14 15 16 17 18 20
3120 2736 5472 2736
2784 2352 2784
3552 5328 4944 3744 2496
3648 6336 7152 4224 5328 3792
3600 3600 4608
6480 7536 7488 9984 9984 12768 7536 6480 9216 7488 9216
5664 5664 6672 11328 5712 6672 8016 11664 13104 7776 6672 10752 7488 6000 4992
168 168 168 168 168 168 168 168 168 168 168 168 168 168 168 168
168 168 168 168 168 168 168 168 168 168 168 168 168 168 168 168
168 168 168 168 168 168 168 168 168 168 168 168 168 168 168 168
168 168 168 168 168 168 168 168 168 168 168 168 168 168 168 168
168 168 168 168 168 168 168 168 168 168 168 168 168 168 168 168
168 168 168 168 168 168 168 168 168 168 168 168 168 168 168 168
168 168 168 168 168 168 168 168 168 168 168 168 168 168 168 168
0.015384615 0.01754386 0.00877193 0.01754386
0.017241379 0.020408163 0.017241379
0.013513514 0.009009009 0.009708738 0.012820513 0.019230769
0.013157895 0.007575758 0.006711409 0.011363636 0.009009009 0.012658228
0.013333333 0.013333333 0.010416667
0.007407407 0.006369427 0.006410256 0.004807692 0.004807692 0.003759398 0.006369427 0.007407407 0.005208333 0.006410256 0.005208333
0.008474576 0.008474576 0.007194245 0.004237288 0.008403361 0.007194245 0.005988024 0.004115226 0.003663004 0.00617284 0.007194245 0.004464286 0.006410256 0.008 0.009615385
25254 21037 2823 6701 4772 365 810 7088 8374 18907 15454 10977 6263 30690 12774 5720 6710 1745 1567 3974 10450 8529 10160 3400 7500 6800
0 0 0 0 0 0 0 0 0 0 0 0 0 0 0 0 0 0 0 0 0 0 0 0 0 0
19207 19207 28810 28810 20651 20651 30976 30976 24321 24321 36482 36482 24803 24803 37205 37205
4425 4425 6637 6637 3544 3544 5316 5316 3934 3934 5901 5901 3961 3961 5941 5941
2000 2000 3000 3000 1988 1988 2983 2983 2320 2320 3479 3479 2426 2426 3639 3639
1569 1569 2353 2353 2155 2155 3233 3233 1972 1972 2958 2958 1911 1911 2867 2867
4764 4764 7146 7146 5289 5289 7934 7934 4476 4476 6714 6714 5358 5358 8037 8037
2500 2500 3750 3750 2690 2690 4035 4035 2284 2284 3426 3426 3680 3680 5520 5520
1496 1496 2244 2244 2736 2736 4104 4104 3048 3048 4572 4572 3528 3528 5292 5292
886 886 1328 1328 1055 1055 1583 1583 1078 1078 1616 1616 1003 1003 1504 1504
2359 2359 3539 3539 2631 2631 3947 3947 2552 2552 3828 3828 2538 2538 3807 3807
3236 3236 4854 4854 3968 3968 5952 5952 3857 3857 5786 5786 4168 4168 6252 6252
2994 2994 4491 4491 2880 2880 4320 4320 3093 3093 4640 4640 3221 3221 4832 4832
2450 2450 3675 3675 2349 2349 3524 3524 2549 2549 3824 3824 2609 2609 3913 3913
4001 4001 6001 6001 4203 4203 6304 6304 3369 3369 5054 5054 3590 3590 5384 5384
4081 4081 6122 6122 4612 4612 6918 6918 5048 5048 7572 7572 4990 4990 7485 7485
2993 2993 4489 4489 3255 3255 4883 4883 2932 2932 4398 4398 3201 3201 4802 4802
922 922 1384 1384 1036 1036 1553 1553 949 949 1424 1424 1086 1086 1629 1629
766 766 1148 1148 637 637 956 956 494 494 741 741 574 574 861 861
881 881 1322 1322 901 901 1352 1352 893 893 1339 1339 944 944 1416 1416
686 686 1029 1029 592 592 888 888 584 584 876 876 686 686 1029 1029
200 200 300 300 216 216 324 324 275 275 412 412 166 166 249 249
3778 3778 5667 5667 3839 3839 5759 5759 3912 3912 5868 5868 3215 3215 4822 4822
3256 3256 4883 4883 3405 3405 5108 5108 3495 3495 5243 5243 3233 3233 4850 4850
1692 1692 2538 2538 1696 1696 2544 2544 1722 1722 2583 2583 1854 1854 2781 2781
3120 3120 4680 4680 3680 3680 5520 5520 4500 4500 6750 6750 3880 3880 5820 5820
2460 2460 3690 3690 2850 2850 4275 4275 2330 2330 3495 3495 2256 2256 3384 3384
2008 2008 3012 3012 1785 1785 2678 2678 1886 1886 2829 2829 1730 1730 2595 2595
0 2 2 2
2 0 2 2
2 2 0 2
2 2 2 0
0 8 8
8 0 2
8 2 0
0 8 8 8 8
8 0 8 8 8
8 8 0 8 8
8 8 8 0 8
8 8 8 8 0
0 2 8 8 8 8
2 0 8 8 8 8
8 8 0 2 8 2
8 8 2 0 8 2
8 8 8 8 0 8
8 8 2 2 8 0
0 0 8
0 0 8
8 8 0
0 2 24 24 24 2 2 2 24 24 24
2 0 24 24 24 2 0 2 24 24 24
24 24 0 24 24 24 24 24 24 2 24
24 24 24 0 24 24 24 24 2 24 24
24 24 24 24 0 24 24 24 24 24 2
2 2 24 24 24 0 24 2 24 24 24
2 0 24 24 24 24 0 2 24 24 24
2 2 24 24 24 2 2 0 24 24 24
24 24 24 2 24 24 24 24 0 24 24
24 24 2 24 24 24 24 24 24 0 24
24 24 24 24 2 24 24 24 24 24 0
0 2 24 2 24 24 24 24 24 24 24 24 24 24 24
2 0 24 2 24 24 24 24 24 24 24 24 24 24 24
24 24 0 24 24 24 24 24 2 2 2 24 24 24 24
2 2 24 0 24 24 24 24 24 24 24 24 24 24 24
24 24 24 24 0 24 24 24 24 24 24 24 24 24 2
24 24 24 24 24 0 24 24 24 24 24 24 24 2 24
24 24 24 24 24 24 0 24 24 24 24 24 2 24 24
24 24 24 24 24 24 24 0 24 24 24 2 24 24 24
24 24 2 24 24 24 24 24 0 2 2 24 24 24 24
24 24 2 24 24 24 24 24 2 0 2 24 24 24 24
24 24 2 24 24 24 24 24 2 2 0 24 24 24 24
24 24 24 24 24 24 24 2 24 24 24 0 24 24 24
24 24 24 24 24 24 2 24 24 24 24 24 0 24 24
24 24 24 24 24 2 24 24 24 24 24 24 24 0 24
24 24 24 24 2 24 24 24 24 24 24 24 24 24 0
0.479483333 0.62725 0.652058333 0.52715 0.283075 0.507325 0.45955 0.39715 0.480025 0.425533333 0.3913 0.370933333 0.321425 0.533108333 0.595616667 0.369091667 0.429866667 0.489233333 0.38545 0.505808333 0.392708333 0.423258333 0.432791667 0.479483333 0.533108333 0.425208333
4.794833333 6.2725 6.520583333 5.2715 2.83075 5.07325 4.5955 3.9715 4.80025 4.255333333 3.913 3.709333333 3.21425 5.331083333 5.956166667 3.690916667 4.298666667 4.892333333 3.8545 5.058083333 3.927083333 4.232583333 4.327916667 4.794833333 5.331083333 4.252083333
1.169230769 2.070175439 2.070175439 0
1.310344828 5.571428571 2.793103448
2.189189189 0 0 0 0
0 1.787878788 1.832214765 1.840909091 0 0
1.013333333 0 1.072916667
1.02962963 0 1.070512821 1.168269231 0 1.026315789 1.031847134 1.02962963 1.166666667 0 0
0 0 0 0 0 0 0 0 0 0 0 0 0 0 0
0 411.6996 357.4584 302.7384
345.228 0 357.4584 302.7384
345.228 411.6996 0 302.7384
345.228 411.6996 357.4584 0
0 697.8384 685.0032
573.6096 0 171.2508
573.6096 174.4596 0
0 1287.6 1287.7472 997.152 653.12
1165.2928 0 1287.7472 997.152 653.12
1165.2928 1287.6 0 997.152 653.12
1165.2928 1287.6 1287.7472 0 653.12
1165.2928 1287.6 1287.7472 997.152 0
0 275.9328 1414.6656 1385.7536 1287.6 1244.0288
269.1008 0 1414.6656 1385.7536 1287.6 1244.0288
1076.4032 1103.7312 0 346.4384 1287.6 311.0072
1076.4032 1103.7312 353.6664 0 1287.6 311.0072
1076.4032 1103.7312 1414.6656 1385.7536 0 1244.0288
1076.4032 1103.7312 353.6664 346.4384 1287.6 0
0 0 1200.2304
0 0 1200.2304
1062.24 1123.92 0
0 266.3976 2941.2864 3606.2208 3418.5216 315.6888 309.0388 296.892 3139.8912 2971.2384 3279.0528
262.764 0 2941.2864 3606.2208 3418.5216 315.6888 0 296.892 3139.8912 2971.2384 3279.0528
3153.168 3196.7712 0 3606.2208 3418.5216 3788.2656 3708.4656 3562.704 3139.8912 247.6032 3279.0528
3153.168 3196.7712 2941.2864 0 3418.5216 3788.2656 3708.4656 3562.704 261.6576 2971.2384 3279.0528
3153.168 3196.7712 2941.2864 3606.2208 0 3788.2656 3708.4656 3562.704 3139.8912 2971.2384 273.2544
262.764 266.3976 2941.2864 3606.2208 3418.5216 0 3708.4656 296.892 3139.8912 2971.2384 3279.0528
262.764 0 2941.2864 3606.2208 3418.5216 3788.2656 0 296.892 3139.8912 2971.2384 3279.0528
262.764 266.3976 2941.2864 3606.2208 3418.5216 315.6888 309.0388 0 3139.8912 2971.2384 3279.0528
3153.168 3196.7712 2941.2864 300.5184 3418.5216 3788.2656 3708.4656 3562.704 0 2971.2384 3279.0528
3153.168 3196.7712 245.1072 3606.2208 3418.5216 3788.2656 3708.4656 3562.704 3139.8912 0 3279.0528
3153.168 3196.7712 2941.2864 3606.2208 284.8768 3788.2656 3708.4656 3562.704 3139.8912 2971.2384 0
0 284.0968 3246.5952 246.6672 2094.0192 2956.3632 3148.6848 4213.0368 3887.9568 3826.5696 3668.2656 3663.2064 2971.2384 2709.6 2330.7648
273.288 0 3246.5952 246.6672 2094.0192 2956.3632 3148.6848 4213.0368 3887.9568 3826.5696 3668.2656 3663.2064 2971.2384 2709.6 2330.7648
3279.456 3409.1616 0 2960.0064 2094.0192 2956.3632 3148.6848 4213.0368 323.9964 318.8808 305.6888 3663.2064 2971.2384 2709.6 2330.7648
273.288 284.0968 3246.5952 0 2094.0192 2956.3632 3148.6848 4213.0368 3887.9568 3826.5696 3668.2656 3663.2064 2971.2384 2709.6 2330.7648
3279.456 3409.1616 3246.5952 2960.0064 0 2956.3632 3148.6848 4213.0368 3887.9568 3826.5696 3668.2656 3663.2064 2971.2384 2709.6 194.2304
3279.456 3409.1616 3246.5952 2960.0064 2094.0192 0 3148.6848 4213.0368 3887.9568 3826.5696 3668.2656 3663.2064 2971.2384 225.8 2330.7648
3279.456 3409.1616 3246.5952 2960.0064 2094.0192 2956.3632 0 4213.0368 3887.9568 3826.5696 3668.2656 3663.2064 247.6032 2709.6 2330.7648
3279.456 3409.1616 3246.5952 2960.0064 2094.0192 2956.3632 3148.6848 0 3887.9568 3826.5696 3668.2656 305.2672 2971.2384 2709.6 2330.7648
3279.456 3409.1616 270.5496 2960.0064 2094.0192 2956.3632 3148.6848 4213.0368 0 318.8808 305.6888 3663.2064 2971.2384 2709.6 2330.7648
3279.456 3409.1616 270.5496 2960.0064 2094.0192 2956.3632 3148.6848 4213.0368 323.9964 0 305.6888 3663.2064 2971.2384 2709.6 2330.7648
3279.456 3409.1616 270.5496 2960.0064 2094.0192 2956.3632 3148.6848 4213.0368 323.9964 318.8808 0 3663.2064 2971.2384 2709.6 2330.7648
3279.456 3409.1616 3246.5952 2960.0064 2094.0192 2956.3632 3148.6848 351.0864 3887.9568 3826.5696 3668.2656 0 2971.2384 2709.6 2330.7648
3279.456 3409.1616 3246.5952 2960.0064 2094.0192 2956.3632 262.3904 4213.0368 3887.9568 3826.5696 3668.2656 3663.2064 0 2709.6 2330.7648
3279.456 3409.1616 3246.5952 2960.0064 2094.0192 246.3636 3148.6848 4213.0368 3887.9568 3826.5696 3668.2656 3663.2064 2971.2384 0 2330.7648
3279.456 3409.1616 3246.5952 2960.0064 174.5016 2956.3632 3148.6848 4213.0368 3887.9568 3826.5696 3668.2656 3663.2064 2971.2384 2709.6 0
