13 16 112 5
152000
01 02 03 06 10 13
02 04 05 09
01 02 06 07 08 09 10 11 12
11 12
02 04 05 07
2736 2400 2448 4992 5424 2304
2256 2016 2016 2496
2256 2496 4320 4368 3840 2496 4704 4320 3120
6048 6528
4224 3600 3744 6096
168 168 168 168 168 168 168 168 168 168 168 168 168 168 168 168
168 168 168 168 168 168 168 168 168 168 168 168 168 168 168 168
168 168 168 168 168 168 168 168 168 168 168 168 168 168 168 168
168 168 168 168 168 168 168 168 168 168 168 168 168 168 168 168
168 168 168 168 168 168 168 168 168 168 168 168 168 168 168 168
0.01754386 0.02 0.019607843 0.009615385 0.008849558 0.020833333
0.021276596 0.023809524 0.023809524 0.019230769
0.021276596 0.019230769 0.011111111 0.010989011 0.0125 0.019230769 0.010204082 0.011111111 0.015384615
0.007936508 0.007352941
0.011363636 0.013333333 0.012820513 0.007874016
3412 26624 967 7350 3559 5981 5257 5600 8300 2295 11300 17600 2100
0 0 0 0 0 0 0 0 0 0 0 0 0
4600 4600 6900 6900 4800 4800 7200 7200 5100 5100 7650 7650 5407 5407 8111 8111
11000 11000 16500 16500 11744 11744 17616 17616 11500 11500 17250 17250 10641 10641 15962 15962
862 862 1293 1293 618 618 927 927 696 696 1044 1044 146 146 219 219
2668 2668 4002 4002 2582 2582 3873 3873 2428 2428 3642 3642 2614 2614 3921 3921
1240 1240 1860 1860 1212 1212 1818 1818 1430 1430 2145 2145 1528 1528 2292 2292
2120 2120 3180 3180 2260 2260 3390 3390 2260 2260 3390 3390 2428 2428 3642 3642
3020 3020 4530 4530 2640 2640 3960 3960 2624 2624 3936 3936 2280 2280 3420 3420
2680 2680 4020 4020 3006 3006 4509 4509 2500 2500 3750 3750 1958 1958 2937 2937
2460 2460 3690 3690 3200 3200 4800 4800 2701 2701 4051 4051 2535 2535 3803 3803
2490 2490 3735 3735 2600 2600 3900 3900 2280 2280 3420 3420 2882 2882 4323 4323
7000 7000 10500 10500 8360 8360 12540 12540 10200 10200 15300 15300 10820 10820 16231 16231
6980 6980 10470 10470 8360 8360 12540 12540 9800 9800 14700 14700 10456 10456 15684 15684
1280 1280 1920 1920 1520 1520 2280 2280 880 880 1320 1320 1160 1160 1740 1740
0 8 2 2 8 2
8 0 8 8 8 8
2 8 0 2 8 2
2 8 2 0 8 2
8 8 8 8 0 8
2 8 2 2 8 0
0 2 2 2
2 0 2 2
2 2 0 2
2 2 2 0
0 8 2 8 2 8 8 8 8
8 0 8 2 8 2 8 8 8
2 8 0 8 2 8 8 8 8
8 2 8 0 8 2 8 8 8
2 8 2 8 0 8 8 8 8
8 2 8 2 8 0 8 8 8
8 8 8 8 8 8 0 8 8
8 8 8 8 8 8 8 0 8
8 8 8 8 8 8 8 8 0
0 8
8 0
0 2 2 2
2 0 2 2
2 2 0 2
2 2 2 0
0.501333733 0.533212442 0.559465942 0.607139217 0.631364717 0.276267658 0.306947442 0.551467107 0.586533686 0.255341667 0.210383333 0.222191667 0.501333733
5.013337333 5.332124417 5.594659417 6.071392167 6.313647167 2.762676583 3.069474417 5.514671067 5.865336858 2.553416667 2.103833333 2.221916667 5.013337333
1.212765957 1.76 0 0 0 0
1.872340426 1.785714286 1.857142857 0
0 1.692307692 1.155555556 1.395604396 0 0 1.153061224 1.4 2.092307692
0 0
0 0 0 0
0 1732.530272 413.14408 244.815648 912.6304 451.6631296
1851.0784 0 1652.57632 979.262592 912.6304 1806.652518
462.7696 1732.530272 0 244.815648 912.6304 451.6631296
462.7696 1732.530272 413.14408 0 912.6304 451.6631296
1851.0784 1732.530272 1652.57632 979.262592 0 1806.652518
462.7696 1732.530272 413.14408 244.815648 912.6304 0
0 1120.8724 1165.5964 1082.83142
984.3922 0 1165.5964 1082.83142
984.3922 1120.8724 0 1082.83142
984.3922 1120.8724 1165.5964 0
0 1732.530272 424.3471232 2176.021248 1018.09312 4262.024469 1169.072 969.4464 1030.4224
3080.194458 0 1697.388493 544.005312 4072.37248 1065.506117 1169.072 969.4464 1030.4224
770.0486144 1732.530272 0 2176.021248 1018.09312 4262.024469 1169.072 969.4464 1030.4224
3080.194458 433.132568 1697.388493 0 4072.37248 1065.506117 1169.072 969.4464 1030.4224
770.0486144 1732.530272 424.3471232 2176.021248 0 4262.024469 1169.072 969.4464 1030.4224
3080.194458 433.132568 1697.388493 544.005312 4072.37248 0 1169.072 969.4464 1030.4224
3080.194458 1732.530272 1697.388493 2176.021248 4072.37248 4262.024469 0 969.4464 1030.4224
3080.194458 1732.530272 1697.388493 2176.021248 4072.37248 4262.024469 1169.072 0 1030.4224
3080.194458 1732.530272 1697.388493 2176.021248 4072.37248 4262.024469 1169.072 969.4464 0
0 1640.8
714.656 0
0 1120.8724 1552.574405 498.671536
984.3922 0 1552.574405 498.671536
984.3922 1120.8724 0 498.671536
984.3922 1120.8724 1552.574405 0
