8 16 112 2
14459
2 4 5 6 7 8
1 2 3 7 8
1702 1702 1564 1893 889 532
245 1127 606 1509 838
160 160 160 160 160 160 160 160 160 160 160 160 160 160 160 160
160 160 160 160 160 160 160 160 160 160 160 160 160 160 160 160
0.0376 0.0329 0.0307 0.0169 0.0180 0.0301
0.0326 0.0284 0.0132 0.0318 0.0191
440 807 1304 648 2805 3431 1492 3389
0 0 0 0 0 0 0 0
1608 1315 1679 1697 1772 1306 1821 1671 1700 1808 1708 1610 1344 1707 1500 1383
1423 1164 1486 1502 1568 1156 1611 1479 1505 1600 1512 1425 1190 1511 1328 1224
573 469 599 605 632 466 649 596 606 645 609 574 479 609 535 493
1741 1423 1818 1837 1918 1414 1971 1809 1841 1957 1849 1743 1455 1848 1624 1498
722 591 754 762 796 587 818 751 764 812 767 723 604 767 674 621
1775 1451 1853 1873 1955 1441 2009 1844 1876 1995 1885 1777 1484 1884 1655 1527
2030 1660 2120 2143 2237 1649 2299 2110 2147 2283 2157 2033 1697 2156 1894 1747
1437 1175 1501 1517 1584 1167 1627 1494 1520 1616 1527 1439 1202 1526 1341 1237
0 4 5 4 2 4
4 0 2 2 4 5
2 3 0 5 5 2
2 2 5 0 5 2
2 5 4 3 0 4
5 5 4 4 3 0
0 3 3 4 5
2 0 4 4 5
5 3 0 4 4
4 4 3 0 3
5 4 2 2 0
0.5394 0.4097 0.5071 0.3893 0.3099 0.3710 0.3237 0.3583
6.5548 4.9017 6.5499 4.8410 4.4684 4.3084 3.6733 5.1175
0.0121 0.0000 0.0000 0.0000 0.0000 0.0096
0.0000 0.0000 0.0000 0.0153 0.0000
0 103 114 101 47 107
108 0 45 45 88 111
44 76 0 111 118 52
50 48 122 0 122 48
53 133 88 66 0 102
136 124 106 92 74 0
0 67 71 102 111
46 0 101 92 132
129 81 0 90 100
103 101 71 0 68
127 108 52 52 0
