8 16 112 2
12562
2 3 5 6 7 8
1 2 3 4 5 6 8
571 1846 600 2667 1600 4500    
923 1846 1111 1655 1412 1600 211
160 160 160 160 160 160 160 160 160 160 160 160 160 160 160 160
160 160 160 160 160 160 160 160 160 160 160 160 160 160 160 160
0.0280 0.0260 0.0400 0.0270 0.0250 0.0160 
0.0260 0.0390 0.0360 0.0290 0.0340 0.0200 0.0380
1815 0 3682 1769 1096 3158 811 227
0 155 0 0 0 0 0 0
1106 1200 1094 1261 965 1038 1229 1052 1080 1129 1169 1328 1319 1259 1296 1251
529 436 494 449 400 421 476 500 444 536 451 394 446 413 536 421
2350 2369 1935 1767 2240 2083 2273 2178 1692 2369 2079 2176 1861 2249 1958 2413
1542 1177 1149 1252 1395 1550 1210 1200 1372 1192 1550 1372 1441 1526 1432 1177
1702 1528 2158 1852 1678 1806 1882 1717 1940 1763 1804 1819 1952 1712 1833 1687
2160 1942 2223 2029 2187 1833 2074 2054 2154 1704 2159 2092 2086 2223 2003 2162
673 856 709 748 829 805 823 620 652 621 673 685 735 616 624 657
1530 1464 1705 1421 1649 1767 1658 1673 1493 1366 1673 1378 1688 1552 1765 1301
0 5 2 3 6 6 
2 0 3 5 2 3 
5 5 0 4 4 2 
5 4 2 0 3 4 
6 4 4 3 0 6 
4 2 6 6 5 0 
0 3 2 5 6 4 3
3 0 6 6 6 2 6
6 2 0 3 3 4 3
6 6 4 0 4 6 3
6 2 2 4 0 6 2
5 4 5 3 2 0 2
2 5 6 4 2 6 0
0.4 0.303 0.335 0.303 0.4 0.314 0.4 0.53
5.451 4.004 3.862 3.336 4.008 4.147 5.17 6.263
0 0 0.002 0.004 0 0  
0 0.018 0 0 0 0 0.023
0 480 172 273 534 582  
166 0 270 450 186 252  
435 450 0 388 368 196  
480 332 172 0 273 324  
600 336 372 252 0 522  
320 182 534 492 420 0  
0 291 162 440 564 344 261 
276 0 516 492 492 162 552 
558 186 0 252 288 380 279 
594 558 328 0 388 588 279 
600 176 168 356 0 540 162 
400 372 455 300 194 0 176 
194 495 564 356 182 588 0 