8 16 112 2
13882
3 7 4 1 2
5 7 6 2 1
874 744 1834 1702 819
1594 1519 1361 1802 1072
160 160 160 160 160 160 160 160 160 160 160 160 160 160 160 160
160 160 160 160 160 160 160 160 160 160 160 160 160 160 160 160
0.0366 0.0215 0.0349 0.0188 0.0293
0.0251 0.0158 0.0294 0.0222 0.0373
222 2876 2071 1744 1472 1449 3612 435
0 0 0 0 0 0 0 0
2063 1569 1772 2138 2132 1906 2093 1917 2078 1616 1905 1837 2060 2084 2022 2101
917 698 787 950 948 847 930 852 923 718 847 816 915 926 899 934
3097 2356 2660 3211 3202 2862 3143 2879 3119 2426 2861 2758 3092 3128 3036 3155
2104 1601 1807 2181 2175 1945 2135 1956 2119 1648 1944 1874 2101 2125 2063 2144
1148 873 986 1190 1186 1061 1164 1067 1156 899 1060 1022 1146 1159 1125 1169
568 432 488 589 587 525 576 528 572 445 525 506 567 574 557 579
429 326 368 444 443 396 435 398 432 336 396 382 428 433 420 437
1592 1211 1367 1650 1646 1471 1615 1480 1603 1247 1470 1418 1589 1608 1560 1622
0 4 3 5 2
3 0 5 2 2
3 5 0 3 4
2 4 2 0 2
3 2 4 3 0
0 2 3 5 3
2 0 5 2 3
2 3 0 2 5
4 3 4 0 4
2 2 4 2 0
0.5028 0.4305 0.5045 0.3925 0.3922 0.4541 0.2902 0.3664
5.2389 5.6144 5.8013 4.7273 5.0842 6.7057 4.1308 4.2481
0.0381 0.0242 0.0341 0.0193 0.0259
0.0220 0.0171 0.0266 0.0215 0.0403
0 139 109 164 65
112 0 174 66 75
109 192 0 97 140
68 148 69 0 71
97 69 150 102 0
0 73 115 164 112
70 0 178 72 111
68 109 0 71 186
136 103 134 0 156
73 76 134 75 0
