8 16 112 2
11671
3 7 2 6 8
6 1 3 8 4 7 5
1576 808 1084 620 245
2874 593 842 1592 1135 404 523
160 160 160 160 160 160 160 160 160 160 160 160 160 160 160 160
160 160 160 160 160 160 160 160 160 160 160 160 160 160 160 160
0.0203 0.0297 0.0369 0.0129 0.0326
0.0167 0.0270 0.0380 0.0201 0.0141 0.0396 0.0153
2739 1756 461 1702 0 2010 2835 168
0 0 0 0 212 0 0 0
1808 2312 2270 1727 2010 1810 1814 2260 2161 2479 1960 2041 1965 2342 1756 1927
975 1247 1224 932 1084 976 979 1219 1166 1337 1057 1101 1060 1263 947 1040
1099 1405 1379 1050 1221 1100 1102 1374 1313 1507 1191 1241 1194 1423 1067 1171
812 1038 1019 775 902 813 815 1015 970 1113 880 917 882 1052 789 865
1882 2407 2363 1798 2092 1884 1889 2353 2250 2581 2040 2125 2045 2438 1828 2006
933 1193 1171 891 1037 934 936 1166 1115 1279 1011 1053 1014 1208 906 994
1674 2140 2101 1599 1861 1676 1679 2093 2001 2295 1814 1890 1819 2168 1626 1784
280 358 352 268 311 280 281 350 335 384 304 316 304 363 272 299
0 5 4 3 5
3 0 2 2 2
5 3 0 5 3
4 2 3 0 5
5 4 4 2 0
0 5 2 4 3 4 5
3 0 2 2 3 3 3
2 2 0 5 4 5 5
3 4 5 0 5 3 3
2 2 4 4 0 5 4
4 2 4 4 5 0 4
2 5 4 3 3 4 0
0.3360 0.2841 0.5029 0.3786 0.3555 0.4828 0.4662 0.4993
4.7717 3.4780 5.4393 4.8162 5.3323 6.7682 6.3944 6.0136
0.0201 0.0336 0.0437 0.0150 0.0379
0.0172 0.0243 0.0306 0.0214 0.0132 0.0391 0.0143
0 208 145 117 177
109 0 77 80 86
177 123 0 210 121
170 82 122 0 195
206 161 148 72 0
0 201 74 150 115 145 199
129 0 75 74 119 131 110
78 85 0 195 157 188 219
131 150 219 0 186 130 121
82 74 163 159 0 206 148
154 70 164 145 206 0 145
86 188 161 125 110 163 0
