8 16 112 2
19089
2 3 4 5 6 8
1 2 3 4 6 7
2119 808 947 3038 3097 1745
3218 1395 1551 1016 1658 1627
160 160 160 160 160 160 160 160 160 160 160 160 160 160 160 160
160 160 160 160 160 160 160 160 160 160 160 160 160 160 160 160
0.0151 0.0297 0.0338 0.0158 0.0155 0.0321
0.0174 0.0344 0.0361 0.0315 0.0386 0.0295
1682 2136 3726 606 3693 3669 2815 573
0 0 0 0 0 0 0 0
2410 2592 2589 2295 2496 2212 2606 2621 2438 2141 2575 2241 2074 2003 2215 1938
930 1001 999 886 964 854 1006 1012 941 826 994 865 801 773 855 748
2120 2281 2278 2020 2196 1947 2293 2306 2145 1884 2266 1972 1825 1763 1950 1705
688 740 739 655 712 631 744 748 696 611 735 640 592 572 632 553
2139 2300 2298 2037 2215 1963 2313 2326 2164 1900 2286 1989 1841 1778 1966 1720
487 524 523 464 504 447 527 530 493 433 520 453 419 405 448 392
466 501 501 444 483 428 504 507 472 414 498 434 401 388 429 375
2533 2724 2721 2412 2623 2325 2739 2754 2562 2250 2707 2355 2180 2106 2329 2037
0 3 3 3 5 4
2 0 5 3 3 2
4 2 0 3 3 2
5 2 2 0 5 3
3 5 3 2 0 2
3 5 5 3 3 0
0 5 5 2 3 3
2 0 4 3 3 2
2 5 0 5 3 4
4 4 4 0 5 2
4 4 3 3 0 5
5 2 2 4 5 0
0.4615 0.5082 0.5369 0.2782 0.4254 0.3618 0.3508 0.5148
5.1214 5.1560 5.7002 3.6752 4.6063 3.7573 4.7576 6.7401
0.0000 0.0007 0.0025 0.0000 0.0000 0.0000
0.0000 0.0247 0.0000 0.0000 0.0270 0.0000
0 94 94 102 168 125
56 0 158 92 86 65
134 60 0 99 85 61
159 61 62 0 145 85
100 147 86 65 0 68
102 149 142 84 88 0
0 152 166 68 93 102
61 0 134 95 100 65
61 147 0 140 97 132
112 115 133 0 147 57
126 119 86 94 0 152
145 59 63 132 165 0
