8 16 112 2
11957
6 3 2 8 1
7 4 1 2 3 6
1347 604 338 2745 1553
973 1468 1042 661 743 3636
160 160 160 160 160 160 160 160 160 160 160 160 160 160 160 160
160 160 160 160 160 160 160 160 160 160 160 160 160 160 160 160
0.0297 0.0265 0.0237 0.0204 0.0309
0.0329 0.0327 0.0307 0.0121 0.0323 0.0132
1753 1996 778 998 2143 0 2238 2050
0 0 0 0 0 203 0 0
902 676 905 958 680 680 667 749 766 865 925 918 913 760 795 691
1199 899 1202 1273 903 903 886 995 1018 1149 1228 1220 1213 1009 1056 918
2422 1815 2428 2572 1825 1824 1791 2011 2057 2321 2482 2464 2451 2039 2134 1855
2640 1979 2647 2804 1990 1989 1952 2193 2243 2530 2706 2687 2673 2223 2326 2022
637 477 638 676 480 480 471 529 541 610 652 648 644 536 561 488
422 317 424 449 318 318 312 351 359 405 433 430 428 356 372 324
2381 1785 2388 2529 1795 1794 1761 1977 2022 2282 2440 2423 2410 2005 2098 1824
1585 1188 1589 1684 1195 1194 1172 1316 1346 1519 1625 1613 1605 1335 1397 1214
0 5 4 2 3
5 0 4 3 5
3 3 0 3 5
5 5 5 0 5
4 3 3 3 0
0 4 3 2 2 4
3 0 4 3 2 2
4 2 0 3 4 2
3 5 4 0 4 5
5 5 5 3 0 3
5 3 4 5 4 0
0.2944 0.3210 0.3229 0.2992 0.5399 0.3117 0.3161 0.3692
3.4273 4.3798 3.7373 4.1202 6.3830 4.6621 4.1396 5.2799
0.0281 0.0257 0.0271 0.0178 0.0249
0.0274 0.0288 0.0344 0.0129 0.0332 0.0109
0 188 133 64 106
190 0 127 110 186
96 93 0 106 180
188 175 157 0 161
144 96 115 110 0
0 146 113 65 67 152
112 0 146 100 70 71
130 72 0 106 132 66
105 190 152 0 149 173
157 184 177 113 0 102
180 99 138 177 129 0
