8 16 112 2
10854
8 4 1 3 5 2
8 3 1 7 5 6 4
430 1339 2689 2778 4444 1514
1788 1163 3684 5039 2740 2439 1802
160 160 160 160 160 160 160 160 160 160 160 160 160 160 160 160
160 160 160 160 160 160 160 160 160 160 160 160 160 160 160 160
0.0186 0.0239 0.0238 0.0144 0.0126 0.0370
0.0358 0.0344 0.0152 0.0127 0.0146 0.0164 0.0222
1552 2668 732 1761 363 567 1414 1796
0 0 0 0 0 0 0 0
220 200 263 264 282 199 230 202 236 214 230 280 227 276 222 204
1506 1369 1797 1803 1930 1357 1569 1382 1615 1463 1570 1912 1551 1885 1514 1394
158 143 188 189 202 142 164 145 169 153 164 200 162 197 158 146
1494 1359 1784 1790 1916 1347 1557 1372 1603 1452 1558 1897 1540 1871 1503 1383
2328 2117 2779 2788 2984 2098 2426 2137 2497 2263 2427 2956 2399 2914 2342 2155
1762 1602 2103 2110 2259 1588 1837 1618 1890 1713 1837 2237 1816 2206 1772 1631
1736 1578 2072 2079 2225 1565 1809 1593 1862 1687 1810 2204 1789 2173 1746 1607
786 715 939 942 1008 709 820 722 844 764 820 998 810 984 791 728
0 2 5 3 3 2
5 0 4 5 2 2
3 3 0 2 2 4
2 5 2 0 5 3
3 2 3 3 0 4
3 4 3 2 3 0
0 5 3 5 2 5 5
3 0 4 5 5 4 5
5 3 0 3 2 4 2
4 4 5 0 3 4 5
4 3 4 5 0 4 3
5 5 5 5 3 0 5
5 4 2 2 5 4 0
0.4068 0.3105 0.4943 0.3712 0.4575 0.5301 0.3142 0.5380
4.2920 3.8611 5.3180 4.5162 4.9855 7.0180 4.5237 7.9788
0.0176 0.0209 0.0209 0.0132 0.0126 0.0398
0.0320 0.0306 0.0168 0.0146 0.0134 0.0193 0.0187
0 71 179 104 89 68
175 0 140 158 61 63
107 94 0 72 64 148
74 158 74 0 164 99
90 59 100 90 0 136
98 140 99 69 102 0
0 168 97 183 65 158 181
107 0 136 172 177 145 168
151 108 0 95 71 136 68
133 128 158 0 98 121 158
133 111 133 179 0 131 109
181 164 183 151 102 0 164
185 119 71 72 185 119 0
