8 16 112 2
12752
2 5 6 7 4 8
8 3 6 7 2 1 5
3967 2656 744 261 2445 1009
3333 2553 2222 1151 2415 1187 1836
160 160 160 160 160 160 160 160 160 160 160 160 160 160 160 160
160 160 160 160 160 160 160 160 160 160 160 160 160 160 160 160
0.0121 0.0241 0.0215 0.0306 0.0229 0.0317
0.0144 0.0188 0.0180 0.0139 0.0265 0.0337 0.0305
2422 3370 607 1866 972 1021 2493 0
0 0 0 0 0 0 0 336
732 771 898 899 764 977 778 981 756 939 943 713 981 887 725 783
1308 1378 1606 1606 1365 1747 1391 1753 1352 1679 1685 1275 1754 1586 1296 1399
229 241 281 281 239 306 244 307 237 294 295 223 307 278 227 245
1952 2055 2396 2396 2036 2605 2074 2616 2017 2504 2513 1902 2616 2366 1933 2087
1651 1739 2027 2027 1723 2204 1755 2213 1706 2119 2127 1609 2213 2002 1636 1766
2154 2269 2644 2645 2248 2876 2290 2887 2226 2764 2774 2099 2888 2612 2134 2304
575 605 706 706 600 767 611 770 594 738 740 560 771 697 570 615
881 928 1081 1082 919 1176 936 1181 910 1130 1135 858 1181 1068 873 942
0 5 5 3 5 3
5 0 5 3 3 3
4 4 0 2 3 5
4 4 4 0 5 2
2 4 3 3 0 5
3 3 2 2 3 0
0 3 3 3 3 5 4
2 0 2 2 5 4 2
3 4 0 5 2 5 3
3 4 4 0 2 2 3
5 2 2 4 0 2 5
2 5 3 2 2 0 5
5 3 3 5 4 4 0
0.5135 0.5159 0.2970 0.4908 0.3228 0.4348 0.5142 0.4521
5.5728 6.2317 3.7960 6.0569 3.3477 5.9592 6.1905 5.6926
0.0132 0.0239 0.0233 0.0345 0.0271 0.0364
0.0133 0.0188 0.0187 0.0158 0.0306 0.0308 0.0296
0 181 165 116 165 116
169 0 169 111 105 112
145 135 0 63 99 163
131 126 150 0 171 74
68 131 111 103 0 169
103 113 65 77 94 0
0 103 99 110 109 183 126
63 0 64 64 162 131 64
116 150 0 167 74 185 117
105 137 128 0 70 64 105
193 71 76 128 0 68 179
67 187 99 72 64 0 189
195 104 107 158 148 139 0
