8 16 112 2
11855
8 7 5 3 1 2 6
1 7 2 8 6
1951 319 836 1611 909 767 2412
907 472 2087 863 2920
160 160 160 160 160 160 160 160 160 160 160 160 160 160 160 160
160 160 160 160 160 160 160 160 160 160 160 160 160 160 160 160
0.0287 0.0251 0.0383 0.0149 0.0176 0.0313 0.0199
0.0353 0.0339 0.0230 0.0278 0.0137
713 1978 1244 1064 2278 725 1287 2566
0 0 0 0 0 0 0 0
2128 2142 2150 2013 2048 2237 1679 1947 1962 1803 1974 1982 1604 1793 1832 1941
3164 3184 3197 2993 3045 3326 2496 2896 2918 2681 2935 2947 2385 2666 2724 2886
669 673 676 633 644 703 528 612 617 567 621 623 504 564 576 610
1126 1134 1138 1066 1084 1184 889 1031 1039 954 1045 1049 849 949 970 1028
2009 2022 2030 1901 1934 2112 1585 1839 1853 1703 1864 1872 1514 1693 1730 1833
1937 1949 1957 1832 1864 2036 1528 1772 1786 1641 1797 1804 1460 1632 1668 1767
881 887 890 834 848 926 695 806 813 747 817 821 664 743 759 804
309 311 313 293 298 325 244 283 285 262 287 288 233 261 266 282
0 2 3 5 4 3 2
3 0 3 2 5 3 5
3 5 0 3 4 3 5
2 5 2 0 2 2 3
5 5 4 4 0 3 4
5 3 2 4 3 0 3
4 2 2 5 4 2 0
0 2 4 5 4
4 0 2 3 2
3 4 0 2 3
2 4 3 0 2
2 3 5 2 0
0.4357 0.3207 0.4233 0.3811 0.4666 0.3305 0.2924 0.3959
5.2474 4.2220 6.1296 4.2942 4.9843 3.9017 3.4747 5.8587
0.0268 0.0251 0.0352 0.0159 0.0153 0.0269 0.0166
0.0307 0.0368 0.0258 0.0225 0.0164
0 47 66 101 82 72 48
63 0 69 40 100 61 99
63 104 0 62 87 69 107
41 102 42 0 41 43 66
113 116 90 81 0 63 92
99 70 39 78 72 0 72
91 43 42 118 88 41 0
0 39 79 106 86
84 0 39 72 42
61 79 0 39 58
47 83 72 0 42
40 67 115 39 0
