8 16 112 2
13804
4 2 3 1 5 6
6 8 5 3 2
2645 2909 1633 1505 478 3288
1304 680 805 230 1553
160 160 160 160 160 160 160 160 160 160 160 160 160 160 160 160
160 160 160 160 160 160 160 160 160 160 160 160 160 160 160 160
0.0242 0.0165 0.0196 0.0319 0.0335 0.0146
0.0184 0.0353 0.0298 0.0348 0.0206
2184 501 3517 1771 1399 124 1940 2369
0 0 0 0 0 0 0 0
3218 3370 2600 2919 2618 3428 2715 3566 2639 2596 3402 3196 2898 3261 2711 2950
269 281 217 244 219 286 227 298 220 217 284 267 242 272 226 246
1082 1133 874 981 880 1152 913 1199 887 873 1143 1074 974 1096 911 991
195 204 157 176 158 207 164 216 160 157 206 193 175 197 164 178
2258 2364 1824 2048 1837 2405 1905 2502 1852 1821 2386 2242 2033 2288 1902 2069
1790 1874 1446 1623 1456 1906 1510 1983 1468 1444 1892 1777 1612 1814 1508 1640
320 336 259 291 261 341 270 355 263 259 339 318 289 325 270 294
2049 2146 1655 1858 1667 2182 1729 2270 1680 1653 2165 2034 1845 2076 1726 1878
0 2 3 4 3 3
2 0 5 5 4 3
2 2 0 5 2 2
5 5 2 0 5 2
4 3 2 2 0 5
3 3 3 5 5 0
0 4 5 5 5
3 0 2 5 4
5 4 0 5 3
2 2 2 0 2
3 2 4 3 0
0.3810 0.3119 0.4211 0.3519 0.3400 0.2829 0.2871 0.3942
5.2223 4.2419 4.5547 3.8968 3.7287 3.5486 4.0534 3.9723
0.0278 0.0145 0.0200 0.0298 0.0273 0.0152
0.0182 0.0324 0.0265 0.0279 0.0180
0 47 85 111 78 81
57 0 119 125 115 72
49 51 0 134 49 48
144 137 47 0 119 56
100 82 52 55 0 121
78 80 72 135 127 0
0 98 124 134 137
84 0 46 116 95
128 105 0 137 81
57 54 52 0 55
77 53 105 71 0
