8 16 112 2
13694
6 4 2 8 5
1 2 4 5 6 3
1850 1101 494 437 2462
2137 588 1509 229 672 1183
160 160 160 160 160 160 160 160 160 160 160 160 160 160 160 160
160 160 160 160 160 160 160 160 160 160 160 160 160 160 160 160
0.0173 0.0218 0.0162 0.0366 0.0260
0.0262 0.0136 0.0318 0.0350 0.0357 0.0338
2147 3190 382 364 827 693 2998 3092
0 0 0 0 0 0 0 0
957 835 959 772 974 886 713 746 826 926 824 934 839 825 938 723
460 401 461 371 468 426 343 359 397 445 396 449 403 397 451 348
2323 2026 2328 1874 2364 2150 1731 1811 2006 2247 2001 2268 2037 2002 2276 1755
2072 1807 2076 1672 2109 1918 1544 1615 1789 2004 1785 2023 1817 1785 2030 1566
1050 916 1052 847 1069 972 783 819 907 1016 905 1025 921 905 1029 793
2848 2484 2854 2298 2899 2637 2122 2220 2459 2755 2454 2781 2497 2454 2791 2152
380 332 381 307 387 352 283 297 328 368 328 371 334 328 373 287
2435 2124 2440 1965 2478 2254 1814 1898 2103 2355 2097 2377 2135 2098 2386 1840
0 4 5 4 4
4 0 3 2 4
2 5 0 2 3
5 4 3 0 2
4 5 5 2 0
0 4 4 2 2 5
4 0 5 3 2 3
3 3 0 4 3 2
5 2 3 0 4 4
4 2 3 5 0 2
5 4 2 3 3 0
0.5274 0.2880 0.5182 0.2837 0.4312 0.3191 0.2985 0.5212
6.4354 4.3035 5.3344 3.3850 5.2643 4.4538 3.4040 6.0916
0.0160 0.0192 0.0151 0.0308 0.0311
0.0283 0.0125 0.0332 0.0353 0.0389 0.0306
0 159 194 162 165
144 0 111 82 160
69 196 0 68 110
188 140 118 0 78
147 180 180 71 0
0 142 164 82 74 207
133 0 203 100 67 101
115 109 0 150 124 71
188 82 100 0 137 152
152 79 119 198 0 77
198 162 72 101 124 0
