12 16 112 3
21460
1 2 3 4 8 9 11 12
1 3 8 10 11
5 6 7 10 11
893 1246 873 685 1350 706 3333 2162
1121 2020 1384 523 839
938 499 721 1498 863
160 160 160 160 160 160 160 160 160 160 160 160 160 160 160 160
160 160 160 160 160 160 160 160 160 160 160 160 160 160 160 160
160 160 160 160 160 160 160 160 160 160 160 160 160 160 160 160
0.0448 0.0321 0.0275 0.0467 0.0237 0.0340 0.0096 0.0148
0.0214 0.0198 0.0289 0.0459 0.0477
0.0256 0.0481 0.0333 0.0267 0.0278
641 1631 2907 619 2306 515 3983 3407 284 2479 1714 762
0 0 0 0 0 0 0 0 0 0 0 0
2593 1968 2696 2575 2040 1968 1917 2292 2152 2480 2286 2345 1879 2495 2254 2407
3424 2598 3560 3400 2694 2599 2531 3026 2841 3274 3019 3097 2481 3294 2976 3178
1391 1056 1446 1382 1095 1056 1029 1229 1154 1330 1227 1258 1008 1339 1209 1291
2007 1523 2087 1993 1579 1524 1484 1774 1666 1919 1770 1815 1454 1931 1744 1863
323 245 336 321 254 245 239 286 268 309 285 292 234 311 281 300
4011 3044 4171 3984 3156 3045 2966 3545 3329 3836 3537 3628 2906 3860 3486 3723
1765 1339 1835 1753 1389 1340 1305 1560 1465 1688 1556 1596 1279 1698 1534 1638
2153 1634 2239 2138 1694 1634 1592 1903 1787 2059 1898 1948 1560 2072 1871 1999
1095 831 1138 1087 861 831 809 968 909 1047 965 990 793 1053 952 1016
583 443 606 579 459 443 431 515 484 558 514 527 423 561 507 541
1578 1198 1641 1567 1242 1198 1167 1395 1310 1509 1391 1427 1143 1519 1372 1465
1849 1403 1922 1836 1455 1404 1367 1634 1534 1768 1630 1672 1340 1779 1607 1716
0 7 5 5 8 7 8 5
5 0 7 8 5 6 7 7
6 7 0 5 6 8 8 8
6 8 5 0 6 5 6 6
7 8 8 7 0 7 8 5
7 7 5 6 6 0 8 5
5 6 6 8 6 7 0 6
8 6 8 7 7 6 5 0
0 8 8 6 5
8 0 5 8 5
5 5 0 8 7
6 8 5 0 6
5 8 5 5 0
0 5 6 7 5
6 0 5 6 7
8 5 0 7 5
7 8 6 0 7
5 5 8 7 0
0.2235 0.3390 0.2454 0.2172 0.3103 0.2053 0.2986 0.3130 0.2591 0.2985 0.2307 0.2735
2.7057 3.4724 3.1443 2.9885 3.8433 2.2835 3.3776 3.5998 2.9756 4.3860 2.4802 3.0484
0.0280 0.0000 0.0071 0.0000 0.0000 0.0000 0.0000 0.0000
0.0000 0.0000 0.0048 0.0221 0.0390
0.0000 0.0000 0.0000 0.0000 0.0231
0 108 68 94 164 163 150 90
96 0 105 157 103 96 94 121
131 161 0 60 127 185 193 190
100 126 76 0 94 80 121 125
164 97 123 151 0 130 152 77
127 140 90 73 97 0 181 103
75 136 111 124 130 146 0 132
98 134 147 166 86 97 111 0
0 179 116 75 108
130 0 113 110 109
75 93 0 175 92
122 176 63 0 99
65 128 106 113 0
0 110 126 98 94
117 0 64 138 89
150 70 0 143 79
168 145 122 0 100
116 110 175 116 0
