12 16 112 3
19358
07 09 11
03 04 05 06 08 09 11 12
01 02 05 06 08 10 11 12
522 1882 681
632 2667 2667 960 490 1103 1333 3000
750 865 1067 828 1655 2500 2667 914
160 160 160 160 160 160 160 160 160 160 160 160 160 160 160 160
160 160 160 160 160 160 160 160 160 160 160 160 160 160 160 160
160 160 160 160 160 160 160 160 160 160 160 160 160 160 160 160
0.046 0.017 0.047
0.038 0.009 0.018 0.025 0.049 0.029 0.018 0.016
0.032 0.037 0.03 0.029 0.029 0.016 0.015 0.035
1238 1297 3427 0 3392 430 3406 2092 1719 768 919 666
0 0 0 491 0 0 0 0 0 0 0 0
1393 1286 1367 1254 1122 1339 1341 1265 1284 1162 1370 1124 1332 1326 1178 1200
1368 1288 1226 1158 1313 1278 1141 1154 1317 1122 1214 1254 1301 1382 1388 1249
168 168 188 156 178 168 182 177 158 184 160 169 189 183 190 177
292 250 275 256 264 300 264 289 277 307 295 266 249 292 277 302
2193 2183 2177 2085 2264 2283 2121 2213 1917 2194 2078 2190 1966 1867 2006 2278
2435 2162 2306 2192 2528 2624 2157 2594 2354 2389 2530 2348 2626 2165 2346 2239
1206 1182 1157 1114 1232 1145 1040 1109 1203 1025 1019 1040 1238 998 1207 1103
1959 2279 2015 2258 1980 2279 2336 2033 2181 2003 2351 1962 2048 2126 2206 2228
2114 2091 2307 2277 2204 2476 2527 2399 2248 2550 2402 2536 2344 2208 2460 2568
365 419 422 391 396 343 354 371 386 375 411 364 414 344 344 350
2590 2774 2547 2635 2604 2767 2273 2316 2295 2790 2442 2514 2547 2622 2359 2551
2138 2121 2275 2172 1847 2023 2015 1968 2260 1996 1947 2235 1843 1833 2097 2226
0 5 5
8 0 7
7 7 0
0 9 6 5 5 8 6 8
8 0 5 8 8 6 6 7
9 8 0 6 9 9 6 6
5 7 7 0 9 5 9 6
8 6 9 7 0 7 8 9
9 5 9 7 8 0 8 9
6 6 9 5 8 7 0 9
7 5 7 7 9 6 9 0
0 6 7 8 6 6 5 7
5 0 9 5 7 8 6 9
8 9 0 8 8 6 7 6
6 8 8 0 8 6 8 7
9 9 9 6 0 5 9 8
7 7 8 9 8 0 5 6
7 5 7 8 6 6 0 6
5 8 6 5 9 6 5 0
0.216667 0.270833 0.3575 0.346667 0.26 0.238333 0.3575 0.249167 0.270833 0.314167 0.335833 0.249167
2.882 2.763 3.825 4.368 2.600 3.361 3.754 2.990 3.521 3.644 3.627 3.588
0 0 0.02388
0 0 0 0 0.02071 0.00737 0.0015 0
0 0 0.01494 0.00658 0 0 0 0.01187
0 142 72
182 0 191
136 163 0
0 147 87 131 134 157 117 213
192 0 87 136 226 152 142 167
136 140 0 144 138 227 146 159
92 149 102 0 250 125 252 126
117 116 234 157 0 161 120 254
133 90 250 146 220 0 165 195
91 95 136 110 196 157 0 239
122 134 165 122 164 171 160 0
0 170 156 205 156 114 120 147
124 0 162 115 196 177 94 182
196 146 0 122 227 163 136 150
144 144 140 0 177 170 213 130
248 249 213 125 0 72 181 161
147 189 146 177 206 0 105 134
175 98 160 118 108 165 0 150
138 133 120 97 203 133 85 0
