12 16 112 3
18049
02 06 09 10 11 12
01 02 03 04 05 07 08 10 11
01 02 06 07 09 12
889 2462 1600 533 1391 2105
842 2000 490 558 914 2353 1714 1185 1053
1714 1818 5000 1412 828 1212
160 160 160 160 160 160 160 160 160 160 160 160 160 160 160 160
160 160 160 160 160 160 160 160 160 160 160 160 160 160 160 160
160 160 160 160 160 160 160 160 160 160 160 160 160 160 160 160
0.027 0.013 0.015 0.045 0.023 0.019
0.038 0.012 0.049 0.043 0.035 0.017 0.028 0.027 0.038
0.014 0.022 0.008 0.017 0.029 0.033
2407 1682 2421 1165 1132 1309 0 1264 2315 2384 1272 691
0 0 0 0 0 0 178 0 0 0 0 0
1970 2079 2137 1912 1982 2062 2207 1917 2122 1922 2056 1997 1953 2266 2311 2008
3350 2816 3065 2858 2824 3255 2916 2861 3221 2844 3386 3392 2957 3398 3111 3085
545 582 543 513 547 546 558 616 576 521 554 530 516 578 611 507
459 401 459 394 462 399 428 404 462 462 411 473 414 392 435 391
626 650 647 627 613 600 699 687 737 692 737 691 660 658 638 623
773 639 760 656 676 723 787 775 779 702 634 770 779 668 777 712
1565 1674 1815 1909 1631 1850 1920 1612 1731 1552 1599 1833 1823 1680 1702 1769
169 189 197 192 173 173 171 180 180 183 183 177 167 174 165 166
1903 1876 1692 1881 1859 1893 1688 1865 1812 1889 1638 1987 1846 1738 2004 1972
2527 3110 2755 3005 2703 3095 2537 2711 2530 2707 2883 3107 2537 2610 2543 2740
3150 2966 2817 2670 2914 2875 3121 3174 3147 2897 2943 2789 2792 3130 2770 3048
922 877 904 898 934 942 916 873 891 994 970 888 918 981 958 848
0 8 6 6 8 5
5 0 6 9 7 5
5 8 0 8 9 7
6 7 9 0 8 7
6 7 7 9 0 8
6 6 6 9 8 0
0 8 5 6 8 8 9 7 7
9 0 8 8 7 5 5 7 9
7 6 0 7 5 9 5 6 5
7 9 5 0 9 8 7 5 5
6 6 9 7 0 6 8 5 6
8 6 5 6 8 0 5 9 8
7 7 9 5 8 5 0 9 6
7 5 7 6 7 5 5 0 5
6 7 5 7 6 8 6 8 0
0 6 6 5 9 5
7 0 7 8 8 9
7 8 0 7 8 7
7 5 8 0 7 8
5 5 7 9 0 5
7 8 8 8 7 0
0.26 0.270833 0.238333 0.281667 0.346667 0.2925 0.303333 0.3575 0.346667 0.368333 0.249167 0.26
3.822 3.846 3.527 2.817 3.709 4.037 3.701 5.005 4.195 5.120 2.591 3.328
0.01386 0.00275 0 0.02052 0 0
0.02472 0 0 0 0 0 0 0 0.01389
0 0.01072 0 0 0.01089 0.00926
0 116 170 95 115 117
127 0 159 142 117 125
131 115 0 115 165 182
167 138 200 0 219 177
111 165 159 244 0 189
165 97 128 177 144 0
0 185 83 156 225 193 136 165 196
167 0 211 139 176 122 114 120 227
137 141 0 178 97 221 115 136 84
195 199 109 0 203 168 165 92 90
90 96 132 137 0 140 166 75 86
166 111 112 152 213 0 77 177 133
122 161 228 124 194 77 0 236 156
137 90 109 138 173 135 106 0 105
126 191 75 188 93 153 130 197 0
0 151 167 102 232 135
195 0 139 201 154 173
192 132 0 174 202 145
170 74 152 0 181 149
72 90 180 140 0 98
187 172 158 142 196 0