12 16 112 3
17585
4 5 3 7 6 1 2
12 8 10 5 4 11 2 6
11 6 4 5
1206 1006 1085 587 698 1151 997
748 672 851 982 1200 1325 1143 1155
1896 691 1008 557
160 160 160 160 160 160 160 160 160 160 160 160 160 160 160 160
160 160 160 160 160 160 160 160 160 160 160 160 160 160 160 160
160 160 160 160 160 160 160 160 160 160 160 160 160 160 160 160
0.0199 0.0318 0.0295 0.0409 0.0344 0.0278 0.0321
0.0321 0.0476 0.0376 0.0326 0.0200 0.0302 0.0350 0.0277
0.0211 0.0463 0.0238 0.0431
2254 2281 1357 1758 2382 462 486 1905 482 2324 1283 612
0 0 0 0 0 0 0 0 0 0 0 0
2307 1827 1903 1998 2334 1682 1812 2309 2024 2370 2240 1954 1816 2298 2349 1712
1977 1565 1631 1712 2000 1442 1553 1979 1734 2032 1919 1674 1556 1969 2013 1467
2432 1926 2006 2107 2461 1774 1910 2434 2134 2499 2361 2060 1914 2423 2477 1805
1043 825 860 903 1055 760 819 1043 915 1071 1012 883 821 1038 1062 774
1172 928 966 1015 1185 854 920 1172 1028 1204 1137 992 922 1167 1193 869
779 617 643 675 788 568 612 780 683 800 756 660 613 776 793 578
1942 1538 1602 1682 1964 1416 1525 1943 1703 1995 1885 1645 1528 1934 1977 1441
2661 2107 2195 2305 2692 1941 2090 2663 2334 2734 2583 2253 2094 2650 2710 1974
2541 2012 2096 2201 2570 1853 1995 2543 2229 2611 2467 2152 2000 2531 2587 1885
3527 2793 2909 3055 3568 2572 2770 3530 3094 3624 3424 2987 2776 3513 3592 2617
1836 1453 1514 1590 1857 1339 1442 1837 1610 1886 1782 1555 1445 1828 1869 1362
955 756 788 827 966 696 750 956 838 981 927 809 752 951 972 709
0 6 8 7 7 5 5
7 0 5 7 7 7 5
8 5 0 6 7 6 5
7 5 5 0 8 7 8
8 7 7 8 0 6 7
5 7 5 5 6 0 5
8 6 5 5 8 5 0
0 5 7 6 5 7 5 7
8 0 7 7 7 7 8 5
6 8 0 7 7 8 5 5
7 7 8 0 5 7 8 7
5 7 8 7 0 5 6 8
8 7 8 8 8 0 8 8
8 5 6 5 6 6 0 6
7 6 5 8 8 7 8 0
0 5 5 6
6 0 8 5
5 5 0 8
8 6 5 0
0.2569 0.3275 0.3170 0.3121 0.3227 0.2401 0.2187 0.3059 0.2186 0.2449 0.3391 0.2803
3.7400 3.9032 4.5449 3.1222 3.4170 3.3178 2.7721 3.9004 3.1030 3.1991 4.0284 3.2470
0.0235 0.0376 0.0247 0.0421 0.0302 0.0227 0.0310
0.0300 0.0449 0.0401 0.0286 0.0161 0.0250 0.0406 0.0274
0.0178 0.0486 0.0282 0.0396
0 53 82 60 62 64 63
91 0 37 71 63 64 60
59 46 0 45 53 47 66
84 50 43 0 102 54 54
82 58 52 98 0 62 49
64 72 51 44 73 0 60
62 47 57 46 70 38 0
0 43 56 74 37 52 47 61
87 0 61 50 85 59 79 61
40 78 0 47 57 77 51 62
86 91 76 0 37 64 84 55
52 74 61 75 0 63 71 61
88 85 97 82 101 0 62 104
57 39 41 63 41 58 0 73
81 64 62 72 56 64 74 0
0 63 41 78
68 0 63 41
37 44 0 78
64 56 39 0
