12 16 112 3
14776
4 8 2
2 3 5 8 1 10
11 3 8 7 1 2
3077 2264 511
1860 2330 559 3509 1660 2721
3846 1387 1282 1468 1850 814
160 160 160 160 160 160 160 160 160 160 160 160 160 160 160 160
160 160 160 160 160 160 160 160 160 160 160 160 160 160 160 160
160 160 160 160 160 160 160 160 160 160 160 160 160 160 160 160
0.0104 0.0106 0.0470
0.0129 0.0103 0.0429 0.0114 0.0241 0.0147
0.0104 0.0173 0.0312 0.0218 0.0173 0.0295
2111 2073 815 1915 1915 865 965 2088 0 426 333 1270
0 0 0 0 0 0 0 0 470 0 0 0
821 1168 1142 945 859 982 925 1060 997 1108 914 961 791 872 1041 1035
240 341 333 276 251 287 270 309 291 323 267 281 231 254 304 302
1393 1981 1937 1603 1457 1667 1569 1798 1692 1880 1551 1631 1343 1479 1767 1756
2039 2900 2836 2347 2133 2440 2298 2632 2477 2752 2271 2388 1966 2165 2587 2571
814 1158 1133 937 852 974 918 1051 989 1099 907 953 785 865 1033 1027
246 350 342 283 257 294 277 318 299 332 274 288 237 261 312 310
2292 3259 3188 2638 2397 2743 2583 2958 2784 3093 2553 2684 2209 2433 2907 2890
2268 3225 3154 2610 2372 2714 2555 2927 2755 3061 2526 2655 2186 2408 2877 2859
1575 2239 2190 1812 1647 1884 1774 2032 1913 2125 1754 1844 1518 1672 1998 1985
844 1201 1175 972 883 1011 952 1090 1026 1140 941 989 814 897 1071 1065
2470 3513 3436 2843 2584 2956 2784 3189 3001 3334 2752 2893 2382 2623 3134 3115
1837 2613 2555 2114 1922 2198 2070 2371 2232 2480 2046 2151 1771 1951 2331 2316
0 6 7
8 0 6
8 8 0
0 5 5 8 5 8
6 0 5 5 7 8
7 6 0 6 7 8
6 6 7 0 7 5
6 5 7 7 0 5
7 5 6 5 5 0
0 5 7 8 8 6
8 0 6 7 7 6
8 5 0 5 7 8
6 8 7 0 5 7
6 5 6 7 0 7
5 7 7 8 8 0
0.2259 0.2364 0.2337 0.3170 0.3270 0.3255 0.3355 0.2195 0.3218 0.2002 0.2796 0.2027
2.9473 3.2886 2.8723 4.1647 4.7097 4.2241 3.9558 2.9586 4.0245 2.5657 3.5012 2.2685
0.0097 0.0113 0.0514
0.0122 0.0117 0.0353 0.0093 0.0230 0.0145
0.0097 0.0172 0.0337 0.0250 0.0172 0.0284
0 275 185
325 0 151
322 343 0
0 140 135 284 140 367
202 0 213 227 178 234
203 243 0 274 349 232
257 210 307 0 226 199
202 209 187 245 0 190
298 222 263 209 220 0
0 246 259 222 391 199
274 0 192 247 333 189
377 156 0 209 344 292
208 228 287 0 251 201
293 133 284 298 0 296
175 317 298 238 345 0
