12 16 112 3
16736
1 6 8 7
11 12 3 10 2 9 5 6
2 6 3 5 1 11 7
1439 491 680 792
993 1385 879 574 1105 545 1019 816
2051 684 1034 803 1019 955 3101
160 160 160 160 160 160 160 160 160 160 160 160 160 160 160 160
160 160 160 160 160 160 160 160 160 160 160 160 160 160 160 160
160 160 160 160 160 160 160 160 160 160 160 160 160 160 160 160
0.0278 0.0489 0.0353 0.0303
0.0403 0.0231 0.0364 0.0418 0.0362 0.0440 0.0314 0.0392
0.0117 0.0468 0.0387 0.0299 0.0314 0.0419 0.0129
1881 1568 1027 420 756 1025 1103 2326 2178 1564 1332 1555
0 0 0 0 0 0 0 0 0 0 0 0
445 406 470 367 355 436 489 401 423 471 436 350 403 451 447 433
3790 3457 4005 3129 3023 3718 4163 3418 3608 4011 3711 2979 3429 3839 3806 3686
808 737 854 667 645 793 888 729 770 856 792 635 732 819 812 786
2430 2217 2568 2006 1938 2384 2669 2192 2314 2572 2380 1910 2199 2462 2441 2364
1871 1706 1977 1544 1492 1835 2055 1687 1781 1980 1832 1470 1693 1895 1878 1819
3836 3499 4053 3166 3059 3763 4213 3459 3651 4059 3756 3015 3471 3886 3852 3731
2476 2259 2616 2044 1975 2429 2720 2233 2357 2620 2424 1946 2241 2508 2486 2408
734 670 776 606 586 720 807 662 699 777 719 577 665 744 737 714
1628 1485 1720 1344 1298 1597 1788 1468 1550 1723 1594 1279 1473 1649 1635 1583
1317 1201 1391 1087 1050 1291 1446 1187 1253 1393 1289 1035 1191 1334 1322 1281
763 696 806 630 609 748 838 688 726 807 747 600 690 773 766 742
1000 913 1057 826 798 981 1099 902 952 1059 980 786 905 1013 1005 973
0 5 6 7
8 0 8 6
5 7 0 6
6 7 6 0
0 7 8 6 8 8 8 7
8 0 6 8 8 8 5 5
7 6 0 8 5 7 6 5
8 7 5 0 5 5 7 6
6 8 5 5 0 5 8 5
7 7 8 6 6 0 5 8
7 5 8 6 6 5 0 7
7 5 7 5 6 5 8 0
0 7 8 5 8 7 7
8 0 5 6 5 6 8
5 5 0 7 5 7 5
6 7 6 0 6 8 6
5 7 7 8 0 8 5
7 8 8 7 8 0 7
5 7 5 5 5 8 0
0.2799 0.2793 0.3301 0.3093 0.2119 0.2779 0.2007 0.3052 0.2889 0.3016 0.2436 0.2638
3.5263 3.7155 3.4279 3.7440 2.4126 3.3738 2.6735 3.5028 3.2118 4.1572 2.8096 3.1004
0.0224 0.0404 0.0335 0.0336
0.0416 0.0276 0.0314 0.0346 0.0310 0.0470 0.0363 0.0325
0.0127 0.0462 0.0374 0.0337 0.0275 0.0497 0.0133
0 173 192 216
169 0 201 232
106 147 0 196
164 223 225 0
0 160 282 222 295 188 272 278
171 0 134 306 178 229 175 143
168 185 0 247 179 242 212 132
247 158 123 0 203 153 203 165
134 247 130 189 0 140 257 146
215 281 164 149 228 0 192 303
278 123 286 141 180 203 0 248
217 170 196 138 189 147 181 0
0 216 247 199 286 274 220
194 0 149 154 128 196 310
193 114 0 186 161 265 107
132 148 218 0 132 321 233
108 207 248 196 0 234 181
217 239 229 180 313 0 265
122 272 123 118 185 277 0
