12 16 112 3
17131
6 8 10
2 5 12 10 7 4 11
10 3 11 1 4 9 12
1724 2783 847
1055 1003 1928 665 988 650 658
759 1026 1584 716 4396 608 1223
160 160 160 160 160 160 160 160 160 160 160 160 160 160 160 160
160 160 160 160 160 160 160 160 160 160 160 160 160 160 160 160
160 160 160 160 160 160 160 160 160 160 160 160 160 160 160 160
0.0232 0.0115 0.0472
0.0379 0.0319 0.0166 0.0481 0.0405 0.0492 0.0365
0.0316 0.0234 0.0202 0.0335 0.0091 0.0395 0.0327
207 1949 2994 1674 965 2191 2231 797 0 0 1211 2912
0 0 0 0 0 0 0 0 226 90 0 0
1570 1408 1412 1443 1392 1595 1512 1198 1656 1646 1522 1457 1726 1606 1207 1653
1497 1342 1346 1376 1327 1521 1442 1142 1579 1570 1452 1389 1645 1531 1151 1576
734 658 660 675 651 746 707 560 774 770 712 681 807 751 564 773
3636 3259 3269 3340 3222 3693 3502 2774 3835 3812 3525 3374 3996 3719 2795 3827
2264 2029 2035 2080 2006 2299 2180 1727 2388 2373 2195 2101 2488 2315 1740 2383
428 384 385 393 379 435 412 327 452 449 415 397 471 438 329 451
2977 2668 2676 2735 2638 3023 2867 2271 3140 3121 2886 2762 3271 3044 2288 3133
352 315 316 323 312 357 339 268 371 369 341 326 386 360 270 370
3380 3030 3039 3105 2996 3433 3256 2579 3565 3544 3277 3137 3715 3457 2599 3558
1730 1551 1555 1589 1533 1757 1666 1320 1825 1814 1677 1605 1901 1769 1330 1821
1109 994 997 1019 983 1127 1068 846 1170 1163 1075 1029 1219 1134 853 1167
1891 1695 1700 1737 1676 1920 1821 1443 1994 1982 1833 1755 2078 1934 1454 1990
0 7 7
8 0 8
7 5 0
0 5 6 8 7 7 5
8 0 8 6 8 5 5
6 7 0 6 5 7 8
7 6 6 0 6 5 7
5 8 5 7 0 5 7
7 7 8 6 8 0 7
6 6 6 5 5 8 0
0 8 8 6 7 7 6
7 0 7 6 5 5 8
6 7 0 7 5 7 7
6 6 7 0 7 6 6
6 5 5 7 0 6 5
7 5 7 7 6 0 5
5 8 6 5 6 8 0
0.2084 0.3260 0.2538 0.2562 0.3279 0.3298 0.3076 0.2451 0.3078 0.2082 0.3133 0.2108
2.6765 3.5664 2.9929 3.3485 4.5740 4.4279 3.4449 2.6574 3.4372 2.5891 3.7861 2.2914
0.0275 0.0113 0.0520
0.0376 0.0286 0.0180 0.0514 0.0460 0.0522 0.0430
0.0354 0.0237 0.0215 0.0383 0.0103 0.0429 0.0361
0 345 352
233 0 313
277 244 0
0 185 160 295 210 311 231
207 0 366 260 386 167 158
173 242 0 283 198 201 327
284 257 173 0 198 152 236
190 254 165 194 0 223 309
267 309 266 198 313 0 197
239 215 242 245 208 205 0
0 317 380 155 233 286 302
190 0 229 199 184 148 315
241 252 0 306 208 311 272
256 177 322 0 334 207 248
177 227 211 279 0 216 162
348 169 256 179 175 0 237
174 341 242 143 190 370 0
