16 16 112 4
41478
01 03 08 11 13 15 16
01 04 05 07 11 12 13 14
02 03 05 06 09 10 12 13 14
02 09 10 13
2353 4364 2667 4000 2400 2824 6000
2133 2133 2182 2857 5714 4800 2133 3200
4571 5333 1600 6000 2182 2000 3333 3636 5333
2824 3200 4364 5333
160 160 160 160 160 160 160 160 160 160 160 160 160 160 160 160
160 160 160 160 160 160 160 160 160 160 160 160 160 160 160 160
160 160 160 160 160 160 160 160 160 160 160 160 160 160 160 160
160 160 160 160 160 160 160 160 160 160 160 160 160 160 160 160
0.017 0.011 0.015 0.01 0.01 0.017 0.008
0.015 0.015 0.011 0.014 0.007 0.01 0.015 0.01
0.007 0.009 0.015 0.008 0.011 0.016 0.012 0.011 0.009
0.017 0.01 0.011 0.009
3889 2146 4915 2705 3088 1288 4284 125 3507 3110 4654 822 3455 165 969 2346
0 0 0 0 0 0 0 0 0 0 0 0 0 0 0 0
2349 1908 1909 1174 3582 2491 2208 3763 3761 3175 1710 3151 1657 1034 2280 1814
1647 3691 5330 3575 1720 2622 1746 3079 4189 5631 3349 4770 2484 4992 5325 1675
2385 3939 3371 1905 2116 5148 2905 2549 4467 1830 5598 4977 4108 2349 3432 3355
1181 545 756 377 611 929 1024 881 578 1299 1145 519 1439 807 1072 665
4635 2627 2231 4849 4985 2883 3586 3632 5264 3021 3412 4644 1686 1981 3268 5930
1231 554 546 1557 1518 1913 1312 801 1127 1715 1460 1313 873 1245 1164 1711
2227 1175 1222 1200 2679 1985 2018 970 1452 2215 2014 2487 1823 1526 2515 2249
1074 748 450 342 886 1298 789 663 897 374 1266 404 644 326 900 1164
1803 6493 5396 4353 2484 2432 3054 2904 6709 4615 3663 5183 2062 3003 5939 3006
2299 4366 6560 2362 7720 6495 4996 5805 7894 3099 6163 2765 8195 3813 4621 2206
1938 1606 2173 1030 1007 1125 1718 2135 1137 2104 1453 2378 1400 2752 1540 1620
2195 7660 1974 4947 4438 6590 6087 7376 5096 5856 4377 6636 5373 5340 2925 5835
4706 6286 3050 3266 4742 7199 2583 5113 6029 6197 6542 4906 2197 8343 2753 2133
4087 4661 5008 1873 2103 4546 4920 1432 1418 2602 4828 5367 2992 3746 5276 4642
1508 2348 2188 2939 2362 2993 1127 1983 1702 1400 2259 1198 2768 3090 2427 923
2405 3167 1547 2885 1359 2665 2565 2281 1305 2692 1710 2410 2729 1704 2566 2296
0 6 5 6 4 4 4
2 0 4 6 6 4 3
6 5 0 3 3 6 6
2 5 5 0 3 3 2
5 2 6 5 0 4 3
2 5 4 2 2 0 3
6 4 2 4 4 3 0
0 2 5 4 2 3 2 5
3 0 3 2 2 3 3 5
2 5 0 2 6 6 6 3
3 4 3 0 4 2 6 2
5 4 5 4 0 2 4 2
3 3 4 6 6 0 5 6
4 4 4 5 2 3 0 6
3 5 6 5 5 3 2 0
0 4 6 5 6 3 4 2 4
2 0 4 3 5 2 4 3 4
4 6 0 5 2 3 5 6 2
6 5 5 0 5 6 3 6 5
4 3 5 3 0 2 5 4 6
6 2 6 3 4 0 4 2 4
4 3 5 6 5 5 0 2 2
6 4 6 3 2 6 5 0 2
2 2 6 2 4 6 4 5 0
0 3 6 2
4 0 2 3
6 4 0 5
2 2 6 0
0.379 0.563 0.628 0.563 0.542 0.769 0.737 0.628 0.563 0.466 0.856 0.683 0.466 0.748 0.563 0.336
5.270 7.492 7.477 5.633 6.717 8.384 1.090 7.477 5.971 4.845 8.558 6.962 5.497 9.643 6.197 4.198
0 0.00194 0 0.00174 0.00174 0 0
0.00106 0 0.00065 0 0 0 0.00534 0.00307
0 0 0 0 0.00116 0.00627 0.00274 0.00386 0
0.01113 0 0 0
0 183 220 298 135 118 183
98 0 106 214 268 139 118
198 140 0 138 75 211 178
89 211 221 0 87 126 58
228 79 151 167 0 127 101
67 233 126 64 74 0 95
240 151 56 118 156 123 0
0 95 146 113 80 134 78 127
135 0 86 74 54 129 105 230
63 216 0 90 174 201 211 123
117 189 133 0 162 59 240 80
197 128 175 122 0 51 126 74
142 97 105 238 151 0 141 214
147 147 104 138 59 96 0 249
116 213 156 167 153 87 92 0
0 138 265 148 294 149 148 57 162
85 0 107 102 198 80 167 93 171
171 279 0 188 65 101 181 271 55
183 185 161 0 160 247 133 265 163
161 126 248 93 0 56 243 103 171
292 59 228 150 176 0 189 100 183
100 84 142 169 172 231 0 76 61
228 166 154 149 92 210 163 0 75
87 82 189 65 199 232 192 183 0
0 98 241 81
113 0 78 95
165 140 0 135
80 58 223 0
