16 16 112 4
44741
6 7 3 2 9 10
10 4 11 2 14
4 9 1 11 12 6 13 15 5
16 3 10 4
4156 2909 3368 5000 2133 2963
3048 1472 3448 1644 2883
3288 2963 4507 3540 3478 1714 1611 4878 2857
4103 2727 1983 2645
160 160 160 160 160 160 160 160 160 160 160 160 160 160 160 160
160 160 160 160 160 160 160 160 160 160 160 160 160 160 160 160
160 160 160 160 160 160 160 160 160 160 160 160 160 160 160 160
160 160 160 160 160 160 160 160 160 160 160 160 160 160 160 160
0.0077 0.0110 0.0095 0.0080 0.0150 0.0081
0.0105 0.0163 0.0116 0.0146 0.0111
0.0073 0.0108 0.0071 0.0113 0.0115 0.0140 0.0149 0.0082 0.0084
0.0078 0.0088 0.0121 0.0121
0 719 4315 714 1157 2845 3288 2227 5759 1515 5458 2041 2170 5260 2730 4544
527 0 0 0 0 0 0 0 0 0 0 0 0 0 0 0
3387 4029 3402 2948 2847 3683 3021 3184 4464 1729 3802 4831 3849 4345 4110 2358
2297 2732 2307 1999 1931 2497 2048 2159 3028 1173 2578 3277 2610 2947 2787 1599
4591 5461 4611 3996 3860 4992 4095 4316 6052 2344 5154 6549 5218 5890 5572 3196
4874 5797 4895 4242 4097 5300 4347 4582 6425 2489 5471 6953 5540 6253 5915 3393
4416 5253 4436 3844 3713 4802 3939 4152 5822 2255 4958 6300 5019 5666 5360 3075
568 675 570 494 477 617 506 534 748 290 637 810 645 728 689 395
4403 5238 4423 3833 3702 4788 3928 4140 5805 2249 4944 6282 5005 5650 5345 3066
685 815 688 597 576 745 611 644 904 350 769 978 779 879 832 477
4315 5133 4335 3756 3628 4693 3849 4057 5689 2204 4845 6156 4905 5536 5238 3005
3825 4550 3842 3330 3216 4160 3412 3596 5043 1954 4295 5457 4348 4908 4643 2664
3087 3672 3101 2687 2595 3357 2753 2902 4069 1576 3465 4404 3509 3960 3747 2149
3832 4558 3849 3335 3221 4167 3418 3602 5051 1957 4302 5466 4355 4916 4651 2668
1726 2053 1733 1502 1451 1876 1539 1622 2275 881 1937 2462 1961 2214 2094 1202
1416 1685 1423 1233 1191 1540 1263 1332 1867 723 1590 2021 1610 1817 1719 986
4647 5528 4668 4045 3907 5053 4145 4369 6126 2373 5217 6630 5282 5962 5640 3236
4153 4940 4171 3615 3491 4516 3704 3904 5475 2121 4662 5925 4720 5328 5040 2892
0 4 4 2 4 2
2 0 5 3 5 5
2 3 0 3 4 5
3 2 2 0 4 2
4 5 2 5 0 2
5 2 5 5 5 0
0 4 3 2 4
4 0 4 4 3
5 5 0 2 3
2 4 3 0 3
4 5 3 5 0
0 5 5 5 2 3 4 2 5
2 0 2 3 5 3 3 2 4
4 4 0 4 4 3 4 2 5
2 4 4 0 2 5 4 5 5
5 4 5 2 0 2 3 3 2
4 4 2 2 3 0 2 2 4
2 4 3 3 2 2 0 5 3
5 5 4 2 3 5 4 0 3
5 2 5 2 3 2 2 4 0
0 2 2 4
2 0 2 3
2 5 0 5
3 4 2 0
0.4189 0.7716 0.5850 0.4225 0.8167 0.3249 0.8468 0.8057 0.3564 0.4379 0.5500 0.5932 0.4483 0.7718 0.8354 0.3561
5.8314 8.7884 6.7356 5.6933 11.3156 4.0706 8.6772 9.0087 3.9261 5.8172 6.9845 7.9737 4.9078 8.7407 11.1550 5.1230
0.0090 0.0090 0.0088 0.0078 0.0167 0.0086
0.0092 0.0137 0.0106 0.0119 0.0095
0.0072 0.0119 0.0066 0.0092 0.0094 0.0144 0.0131 0.0091 0.0075
0.0067 0.0082 0.0136 0.0136
0 86 71 40 94 48
35 0 69 78 133 75
32 46 0 79 70 91
83 35 47 0 108 32
73 135 44 134 0 53
110 46 119 89 82 0
0 73 54 28 74
64 0 81 82 61
112 97 0 34 69
45 76 50 0 77
61 112 66 80 0
0 112 85 126 39 55 97 50 92
44 0 55 43 112 58 67 50 71
75 93 0 97 74 55 74 46 121
34 79 89 0 50 94 61 76 81
72 100 136 30 0 43 44 62 47
75 92 47 36 61 0 28 53 70
30 65 74 78 34 50 0 100 49
121 133 93 28 66 75 77 0 75
124 29 126 34 43 51 37 109 0
0 50 54 75
39 0 33 73
35 92 0 125
51 76 50 0
