16 16 112 4
42798
1 8 14 15 2 16 4 12 9
14 11 3 5 6 4
7 15 4 2 8 1 13 9 3
9 3 7 15 14 1
3846 2548 1509 2222 2740 2353 3279 2740 2000
2207 2564 2148 2581 1633 3168
2936 4444 1882 3774 2837 4819 2319 3596 3333
1860 2637 2553 3846 4324 3810
160 160 160 160 160 160 160 160 160 160 160 160 160 160 160 160
160 160 160 160 160 160 160 160 160 160 160 160 160 160 160 160
160 160 160 160 160 160 160 160 160 160 160 160 160 160 160 160
160 160 160 160 160 160 160 160 160 160 160 160 160 160 160 160
0.0104 0.0157 0.0159 0.0108 0.0146 0.0170 0.0122 0.0146 0.0160
0.0145 0.0156 0.0149 0.0124 0.0147 0.0101
0.0109 0.0072 0.0170 0.0106 0.0141 0.0083 0.0138 0.0089 0.0072
0.0129 0.0091 0.0094 0.0104 0.0074 0.0105
3307 364 650 4544 3609 3272 3107 3291 901 5243 1680 4759 609 2879 3661 923
0 0 0 0 0 0 0 0 0 0 0 0 0 0 0 0
6143 2515 3082 3026 4549 4525 5720 2516 6322 2906 1960 5079 2606 6931 6523 2989
5063 2073 2540 2494 3749 3729 4714 2073 5211 2395 1615 4186 2148 5712 5376 2463
5823 2384 2922 2869 4312 4289 5422 2384 5993 2754 1857 4814 2470 6570 6183 2833
2793 1143 1401 1376 2068 2057 2601 1144 2875 1321 891 2309 1185 3151 2966 1359
1373 562 689 676 1016 1011 1278 562 1413 649 438 1135 582 1549 1457 668
7846 3212 3937 3865 5810 5779 7306 3213 8075 3711 2503 6487 3328 8852 8331 3817
3648 1493 1830 1797 2701 2686 3396 1494 3754 1725 1163 3016 1547 4115 3873 1775
4780 1957 2398 2355 3540 3521 4451 1957 4919 2261 1525 3952 2028 5393 5076 2326
3976 1627 1995 1958 2944 2928 3702 1628 4091 1880 1268 3287 1686 4485 4221 1934
4516 1848 2266 2224 3344 3326 4205 1849 4647 2136 1440 3733 1915 5094 4795 2197
4379 1792 2197 2157 3242 3225 4077 1793 4506 2071 1397 3620 1857 4940 4649 2130
5750 2354 2885 2833 4258 4235 5354 2355 5918 2720 1834 4754 2439 6487 6105 2798
1301 533 653 641 964 958 1212 533 1339 615 415 1076 552 1468 1382 633
5288 2164 2653 2605 3915 3894 4923 2165 5442 2501 1687 4372 2243 5965 5614 2573
4723 1933 2370 2327 3497 3479 4398 1934 4861 2234 1506 3905 2003 5328 5015 2298
1186 485 595 584 878 873 1104 486 1220 561 378 980 503 1338 1259 577
0 5 4 4 5 5 4 2 2
4 0 5 5 5 4 3 2 4
5 2 0 3 2 3 2 4 2
2 5 2 0 4 3 2 3 3
5 4 4 4 0 3 4 5 3
4 5 2 3 4 0 5 3 5
2 3 3 2 2 5 0 5 3
3 2 5 2 2 2 5 0 4
5 3 2 3 4 3 5 2 0
0 3 5 5 2 3
4 0 5 4 2 4
4 3 0 4 5 2
2 3 3 0 5 5
4 3 4 2 0 3
5 2 5 3 2 0
0 2 2 4 5 4 4 2 3
2 0 5 3 2 2 2 5 5
2 4 0 2 2 5 5 5 3
5 2 4 0 4 4 2 4 3
4 5 2 2 0 2 4 5 3
2 3 2 4 2 0 4 5 4
3 5 4 2 4 2 0 4 2
5 4 3 4 5 4 3 0 2
3 2 3 2 5 2 4 3 0
0 2 3 3 2 2
2 0 3 3 4 2
2 4 0 3 5 3
4 2 4 0 4 5
4 3 2 4 0 3
2 5 4 5 3 0
0.3459 0.7938 0.8523 0.7928 0.5298 0.6452 0.8357 0.6482 0.5678 0.3059 0.4043 0.4951 0.3941 0.7884 0.5153 0.3201
3.7534 10.2216 11.4648 11.1841 7.6170 7.5628 8.3844 9.2888 7.0210 3.7332 4.7560 5.2390 5.0602 10.4130 6.2325 4.2565
0.0090 0.0133 0.0168 0.0125 0.0172 0.0146 0.0119 0.0149 0.0155
0.0159 0.0167 0.0161 0.0138 0.0128 0.0097
0.0116 0.0070 0.0139 0.0127 0.0132 0.0073 0.0147 0.0074 0.0058
0.0133 0.0105 0.0108 0.0118 0.0083 0.0120
0 154 165 91 158 123 104 58 61
147 0 205 152 196 87 102 51 101
204 43 0 103 67 93 66 137 55
82 199 75 0 104 62 71 97 62
114 90 97 84 0 90 122 152 70
93 182 48 82 93 0 190 86 176
78 78 120 75 60 116 0 139 65
75 43 151 63 41 73 130 0 99
199 100 67 116 97 100 144 82 0
0 86 156 109 64 77
134 0 139 107 46 95
110 80 0 126 124 61
49 82 92 0 148 161
145 91 99 60 0 65
105 47 119 73 65 0
0 53 45 92 155 157 155 43 112
46 0 195 107 71 46 70 127 119
61 134 0 79 68 149 178 186 97
179 79 83 0 119 158 76 114 95
129 176 42 60 0 46 158 203 123
63 117 47 159 48 0 117 111 163
87 192 164 76 129 70 0 114 71
129 108 98 116 106 111 116 0 68
94 48 63 68 185 56 88 122 0
0 56 74 89 50 60
75 0 84 62 117 75
58 126 0 84 159 112
151 77 134 0 97 117
106 72 68 117 0 122
75 169 148 176 77 0
