16 16 112 4
191083
1 4 6 7 9 10 11 13
1 5 10 11 12 15
1 2 4 7 9 12 13
3 8 14 15 16
1491 2667 2078 2484 2553 2264 1963 4396
2712 4444 2735 2927 2051 2406
2119 3226 3883 2069 2238 2526 3636
4444 1928 1558 1633 1437
160 160 160 160 160 160 160 160 160 160 160 160 160 160 160 160
160 160 160 160 160 160 160 160 160 160 160 160 160 160 160 160
160 160 160 160 160 160 160 160 160 160 160 160 160 160 160 160
160 160 160 160 160 160 160 160 160 160 160 160 160 160 160 160
0.0161 0.0090 0.0154 0.0161 0.0094 0.0106 0.0163 0.0091
0.0118 0.0072 0.0117 0.0082 0.0156 0.0133
0.0151 0.0124 0.0103 0.0116 0.0143 0.0095 0.0110
0.0072 0.0166 0.0154 0.0147 0.0167
9232 15310 12577 4214 17478 17576 18691 4432 0 17462 18132 5783 5853 7345 16096 19010
0 0 0 0 0 0 0 0 1423 0 0 0 0 0 0 0
5919 4148 4187 4749 3142 6635 7473 5375 4192 5518 2295 4158 4425 3524 5992 5624
1636 1147 1157 1313 868 1834 2066 1486 1159 1525 634 1149 1223 974 1656 1555
5111 3582 3615 4101 2713 5729 6453 4641 3620 4765 1982 3591 3821 3043 5174 4856
6112 4283 4323 4904 3244 6851 7717 5550 4329 5698 2370 4294 4569 3639 6187 5807
1131 792 800 907 600 1267 1428 1027 801 1054 438 794 845 673 1145 1074
1968 1379 1392 1579 1045 2206 2485 1787 1394 1835 763 1383 1471 1172 1992 1870
4055 2842 2868 3254 2152 4545 5120 3682 2872 3780 1572 2849 3031 2414 4105 3853
2197 1540 1554 1763 1166 2463 2774 1995 1556 2048 852 1544 1643 1308 2224 2088
1713 1200 1212 1374 909 1920 2163 1556 1213 1597 664 1203 1281 1020 1734 1628
5200 3644 3678 4172 2760 5829 6565 4722 3683 4847 2016 3653 3887 3096 5264 4940
1641 1150 1161 1316 871 1839 2071 1490 1162 1529 636 1153 1227 977 1661 1559
5505 3858 3894 4417 2922 6171 6950 4999 3899 5132 2134 3867 4115 3278 5573 5230
5496 3851 3887 4410 2917 6160 6939 4991 3892 5123 2131 3861 4109 3272 5564 5222
4154 2911 2938 3333 2205 4656 5245 3772 2942 3872 1610 2918 3105 2473 4205 3947
4298 3012 3040 3449 2281 4818 5426 3903 3044 4007 1666 3019 3213 2559 4351 4083
4937 3459 3492 3961 2620 5534 6233 4483 3496 4602 1914 3468 3691 2939 4997 4690
0 2 4 5 4 2 5 5
3 0 5 4 5 3 4 4
3 3 0 4 4 2 3 5
5 4 5 0 5 3 2 4
2 4 3 2 0 2 5 5
5 2 3 3 4 0 4 3
3 2 2 4 3 5 0 5
4 4 2 4 2 2 2 0
0 3 3 2 3 2
2 0 2 3 4 4
5 3 0 2 2 5
5 5 3 0 5 3
2 2 4 4 0 4
2 3 5 3 3 0
0 2 2 4 2 4 2
4 0 2 4 3 5 5
5 5 0 3 4 2 4
2 3 5 0 3 4 2
4 5 3 3 0 4 2
2 2 2 4 3 0 4
3 2 5 2 4 2 0
0 2 3 2 4
4 0 5 2 5
5 2 0 5 3
4 2 5 0 2
5 5 5 4 0
0.8604 0.5442 0.6736 0.3901 0.5692 0.7360 0.6654 0.7366 0.5009 0.5971 0.6238 0.4157 0.4850 0.7542 0.4427 0.6001
10.0095 7.5444 8.2669 3.9334 7.8555 7.9635 9.9783 10.2992 7.4269 8.8946 7.1022 4.8292 5.0458 9.1444 5.1282 6.6803
0.0041 0.0000 0.0000 0.0051 0.0000 0.0000 0.0077 0.0000
0.0000 0.0000 0.0007 0.0000 0.0056 0.0000
0.0026 0.0000 0.0007 0.0000 0.0025 0.0000 0.0000
0.0000 0.0000 0.0000 0.0007 0.0000
0 65 94 185 112 73 191 181
79 0 175 143 174 70 99 138
69 89 0 105 104 72 79 189
115 112 129 0 120 101 60 104
72 128 89 57 0 47 161 113
151 71 73 116 154 0 93 108
105 64 61 127 72 192 0 149
140 105 46 95 71 58 60 0
0 69 106 61 115 45
57 0 55 101 145 98
190 65 0 56 52 118
104 178 110 0 138 86
44 74 106 128 0 93
50 111 151 100 89 0
0 40 43 127 46 79 58
142 0 71 124 59 98 170
100 146 0 95 152 46 97
53 103 111 0 93 120 56
156 111 91 83 0 87 74
45 62 72 119 68 0 140
82 41 138 55 79 53 0
0 56 59 52 102
132 0 185 52 192
154 48 0 190 81
149 45 183 0 66
127 112 102 104 0
