16 16 112 4
44748
3 12 14 1 9 5 6 15
6 7 15 1 9 5 11 3 12
2 12 3 6 5 7 13 11 1
12 4 10 1 3 2
3704 2602 2424 1832 3883 4762 1472 2286
3721 2759 4167 3380 2899 1832 3361 2238 2474
2857 2424 2927 2832 2092 2381 5556 3038 1714
2424 2034 4301 3951 2353 4124
160 160 160 160 160 160 160 160 160 160 160 160 160 160 160 160
160 160 160 160 160 160 160 160 160 160 160 160 160 160 160 160
160 160 160 160 160 160 160 160 160 160 160 160 160 160 160 160
160 160 160 160 160 160 160 160 160 160 160 160 160 160 160 160
0.0108 0.0123 0.0165 0.0131 0.0103 0.0084 0.0163 0.0105
0.0086 0.0145 0.0096 0.0071 0.0138 0.0131 0.0119 0.0143 0.0097
0.0140 0.0165 0.0082 0.0113 0.0153 0.0168 0.0072 0.0079 0.0140
0.0099 0.0118 0.0093 0.0081 0.0136 0.0097
1727 3294 4223 4797 557 4167 901 2717 3418 2889 2498 4794 0 2082 1765 4917
0 0 0 0 0 0 0 0 0 0 0 0 1779 0 0 0
2375 5882 3032 5847 5459 4988 5618 5552 2609 5820 2861 2393 2898 1564 3170 3258
3058 7574 3904 7529 7029 6423 7234 7149 3360 7494 3684 3081 3731 2014 4082 4196
2707 6704 3455 6664 6222 5685 6403 6328 2974 6633 3261 2727 3303 1782 3613 3714
630 1560 804 1550 1447 1323 1490 1472 692 1543 759 634 768 415 841 864
1711 4239 2185 4214 3934 3595 4048 4001 1880 4194 2062 1724 2088 1127 2284 2348
3220 7976 4111 7928 7402 6763 7618 7528 3538 7892 3879 3244 3929 2120 4298 4418
328 812 418 807 753 688 775 766 360 803 395 330 400 216 437 450
768 1903 981 1892 1766 1614 1818 1796 844 1883 926 774 937 506 1026 1054
2680 6638 3421 6598 6160 5628 6339 6265 2944 6567 3228 2700 3270 1765 3577 3677
327 809 417 804 751 686 773 764 359 800 393 329 399 215 436 448
1758 4355 2244 4329 4042 3693 4159 4110 1932 4309 2118 1771 2145 1158 2347 2412
3351 8301 4278 8251 7703 7039 7928 7835 3682 8213 4037 3376 4089 2207 4473 4598
846 2095 1080 2083 1944 1777 2001 1978 929 2073 1019 852 1032 557 1129 1161
3360 8322 4289 8273 7723 7057 7948 7855 3691 8234 4048 3385 4100 2212 4485 4610
1261 3124 1610 3105 2899 2649 2983 2948 1386 3091 1519 1271 1539 830 1683 1730
2348 5816 2997 5781 5397 4932 5555 5489 2580 5754 2829 2366 2865 1546 3134 3222
0 3 5 4 5 2 3 3
5 0 5 2 2 5 3 2
4 3 0 2 2 4 3 4
2 4 2 0 2 3 2 5
5 5 2 2 0 3 4 2
4 2 5 2 3 0 3 4
5 2 3 5 2 2 0 5
5 4 3 3 2 2 3 0
0 5 2 5 3 2 3 4 4
2 0 5 2 5 4 2 5 2
4 4 0 5 5 4 5 4 4
2 5 2 0 5 4 3 2 5
4 5 5 3 0 2 4 5 4
3 2 2 2 3 0 2 5 2
2 2 3 3 5 2 0 2 3
2 2 2 5 2 3 4 0 4
5 2 5 4 3 4 4 4 0
0 4 3 3 4 5 4 2 2
4 0 3 3 3 5 2 4 5
5 3 0 2 5 5 2 5 2
2 4 3 0 5 4 4 5 2
4 2 2 4 0 4 4 3 5
5 2 4 4 5 0 3 2 5
5 3 4 5 4 5 0 4 2
4 2 5 2 4 5 4 0 2
5 3 2 2 4 3 5 4 0
0 2 2 5 5 5
4 0 5 5 3 4
5 5 0 5 5 2
2 4 2 0 4 4
2 3 4 3 0 5
5 5 3 2 2 0
0.6528 0.5871 0.4580 0.5697 0.7908 0.3938 0.4963 0.7524 0.3090 0.3183 0.4075 0.6623 0.5918 0.3786 0.4114 0.5542
8.7687 8.4084 5.2398 7.3460 11.4375 4.0987 5.4677 8.3689 3.1934 3.6251 4.2305 8.8224 6.8388 4.9190 4.3376 8.2192
0.0122 0.0144 0.0165 0.0138 0.0083 0.0088 0.0167 0.0087
0.0072 0.0173 0.0113 0.0082 0.0136 0.0111 0.0133 0.0152 0.0096
0.0124 0.0157 0.0077 0.0119 0.0145 0.0136 0.0060 0.0089 0.0120
0.0081 0.0111 0.0085 0.0087 0.0127 0.0101
0 71 107 111 124 45 105 93
151 0 119 56 39 103 76 51
112 87 0 52 56 101 69 96
68 108 68 0 56 97 54 107
114 141 61 57 0 81 124 36
126 43 105 65 72 0 73 86
105 63 90 96 41 47 0 155
169 110 56 57 58 50 94 0
0 121 43 138 88 68 55 71 78
38 0 90 53 130 105 58 129 38
81 105 0 95 164 119 158 108 115
70 172 47 0 111 111 77 54 148
92 157 136 64 0 67 81 115 139
78 63 64 45 59 0 60 152 60
71 67 66 67 171 59 0 51 101
41 39 55 113 46 73 84 0 113
96 47 108 106 87 87 76 88 0
0 117 92 67 121 121 126 65 38
115 0 86 80 97 121 50 123 92
129 105 0 55 121 153 68 178 36
41 82 54 0 146 105 73 130 70
87 47 38 141 0 83 132 74 140
158 36 139 73 101 0 67 38 171
117 82 91 106 118 164 0 117 44
101 37 151 66 107 123 126 0 40
147 96 40 63 81 82 103 134 0
0 67 60 116 118 112
139 0 139 100 94 98
103 167 0 119 147 38
48 85 46 0 81 136
64 101 111 81 0 154
156 139 67 48 59 0
