16 16 112 4
40997
6 12 13 15 11 4
2 12 7 1 9 5
13 6 9 3 2 5
3 8 2 9 15
1951 4938 3333 2353 1951 2034
2963 1975 2449 3200 1818 2697
3200 2443 3368 2727 1538 1752
2424 2548 4082 4348 2182
160 160 160 160 160 160 160 160 160 160 160 160 160 160 160 160
160 160 160 160 160 160 160 160 160 160 160 160 160 160 160 160
160 160 160 160 160 160 160 160 160 160 160 160 160 160 160 160
160 160 160 160 160 160 160 160 160 160 160 160 160 160 160 160
0.0123 0.0081 0.0120 0.0136 0.0123 0.0118
0.0108 0.0162 0.0098 0.0075 0.0132 0.0089
0.0075 0.0131 0.0095 0.0088 0.0156 0.0137
0.0099 0.0157 0.0098 0.0092 0.0110
2284 1429 3633 1978 3859 1990 408 0 3060 3531 1871 4665 2997 1768 4751 2774
0 0 0 0 0 0 0 1989 0 0 0 0 0 0 0 0
726 312 202 601 307 607 215 715 622 290 494 485 661 674 441 215
8642 3715 2403 7160 3650 7229 2557 8510 7408 3455 5886 5779 7866 8027 5254 2556
6139 2639 1707 5087 2593 5135 1817 6046 5263 2455 4182 4105 5588 5703 3732 1816
7928 3408 2205 6569 3349 6631 2346 7807 6796 3170 5400 5301 7216 7364 4820 2344
4708 2024 1309 3901 1989 3938 1393 4636 4035 1882 3207 3148 4285 4373 2862 1392
1129 485 314 935 477 944 334 1112 968 451 769 755 1028 1049 686 334
3909 1680 1087 3239 1651 3270 1157 3849 3351 1563 2663 2614 3558 3631 2376 1156
728 313 203 603 308 609 216 717 624 291 496 487 663 676 443 215
4102 1764 1141 3399 1733 3432 1214 4040 3517 1640 2794 2743 3734 3811 2494 1213
1369 589 381 1135 578 1145 405 1348 1174 547 933 916 1246 1272 832 405
3957 1701 1100 3279 1671 3310 1171 3897 3392 1582 2695 2646 3602 3676 2406 1170
1499 645 417 1242 633 1254 444 1477 1285 600 1021 1003 1365 1393 912 443
3446 1481 958 2856 1456 2883 1020 3394 2954 1378 2347 2305 3137 3201 2095 1019
5900 2536 1641 4889 2492 4936 1746 5810 5058 2359 4019 3946 5370 5481 3587 1745
7934 3411 2206 6574 3351 6637 2348 7813 6801 3172 5404 5305 7221 7369 4823 2346
7427 3193 2066 6154 3137 6213 2198 7314 6366 2970 5059 4966 6760 6899 4515 2196
0 3 3 2 5 5
5 0 3 2 5 3
2 4 0 3 2 3
2 2 4 0 2 4
5 4 2 5 0 5
3 5 3 4 4 0
0 2 5 4 5 5
2 0 5 2 4 3
3 2 0 3 4 5
5 2 4 0 4 3
5 4 5 3 0 3
3 5 2 4 2 0
0 2 3 3 4 5
2 0 3 5 5 4
2 3 0 3 3 3
4 3 4 0 2 2
5 4 2 2 0 4
4 3 4 3 2 0
0 4 4 5 5
3 0 5 5 4
4 3 0 4 3
2 5 5 0 4
3 3 5 2 0
0.7267 0.7584 0.4176 0.3773 0.6990 0.5805 0.4603 0.4069 0.5752 0.4682 0.3636 0.5564 0.3545 0.3252 0.6444 0.6492
10.6639 8.9160 4.2628 5.0062 9.6560 6.0466 5.5111 5.3778 8.0657 6.7779 4.6856 5.7546 4.4279 3.3156 6.6088 7.0206
0.0131 0.0081 0.0102 0.0115 0.0121 0.0125
0.0099 0.0154 0.0110 0.0084 0.0145 0.0088
0.0064 0.0137 0.0112 0.0087 0.0134 0.0146
0.0086 0.0137 0.0088 0.0101 0.0089
0 112 115 97 164 242
228 0 124 59 217 103
94 169 0 78 89 89
57 81 139 0 67 177
246 118 102 224 0 248
143 158 149 137 201 0
0 65 136 157 168 252
80 0 215 88 176 126
139 63 0 150 135 235
155 90 167 0 153 104
210 173 240 100 0 108
133 136 100 201 72 0
0 99 114 131 109 182
80 0 146 231 153 103
89 128 0 91 100 106
189 85 130 0 93 57
155 154 71 89 0 167
124 86 113 81 98 0
0 179 146 238 182
119 0 185 256 108
196 150 0 115 150
98 237 175 0 115
108 142 208 76 0
