20 16 112 5
541233
1 3 5 11 13 15 16 17
2 3 5 8 9 18 19
2 6 10 13 18 19
1 8 12 13 18 20
3 4 5 7 12 13 14 19 20
9057 5926 19394 11429 10566 5106 5773 7887
13061 14737 16000 8276 10000 5783 8889
9492 9412 9231 8000 6761 9143
7619 7778 15610 7368 5217 18065
12075 6154 9412 9600 12800 5854 8000 8421 5926
160 160 160 160 160 160 160 160 160 160 160 160 160 160 160 160
160 160 160 160 160 160 160 160 160 160 160 160 160 160 160 160
160 160 160 160 160 160 160 160 160 160 160 160 160 160 160 160
160 160 160 160 160 160 160 160 160 160 160 160 160 160 160 160
160 160 160 160 160 160 160 160 160 160 160 160 160 160 160 160
0.0053 0.0081 0.0033 0.0056 0.0053 0.0094 0.0097 0.0071
0.0049 0.0038 0.0040 0.0058 0.0048 0.0083 0.0072
0.0059 0.0068 0.0052 0.0080 0.0071 0.0070
0.0084 0.0072 0.0041 0.0076 0.0092 0.0031
0.0053 0.0091 0.0068 0.0050 0.0050 0.0082 0.0070 0.0076 0.0081
37767 17174 48275 3667 42079 44911 13125 46974 15675 17010 48809 7189 6979 5608 35273 37524 43564 19954 15400 28917
0 0 0 0 0 0 0 0 0 0 0 0 0 0 0 0 0 0 0 0
10598 19627 14837 8436 18076 17506 18348 16140 5860 18382 12684 13103 9420 17987 12475 6525
2449 4535 3428 1949 4176 4045 4239 3729 1354 4247 2931 3027 2176 4156 2882 1508
5260 9741 7364 4187 8972 8689 9107 8011 2908 9124 6296 6503 4676 8928 6192 3239
994 1840 1391 791 1695 1642 1721 1513 549 1724 1189 1229 883 1687 1170 612
8604 15933 12045 6848 14674 14211 14895 13102 4757 14923 10297 10637 7647 14602 10127 5297
6486 12012 9081 5163 11063 10714 11229 9878 3586 11250 7763 8019 5765 11008 7635 3994
1124 2081 1573 895 1917 1856 1946 1712 621 1949 1345 1390 999 1907 1323 692
9767 18086 13673 7774 16657 16132 16908 14874 5400 16940 11689 12075 8681 16575 11496 6013
3438 6367 4813 2736 5864 5679 5952 5236 1901 5963 4115 4250 3056 5835 4047 2117
1175 2176 1645 935 2004 1941 2035 1790 650 2038 1406 1453 1045 1995 1383 724
7658 14182 10721 6095 13061 12649 13258 11662 4234 13282 9165 9468 6807 12997 9014 4715
4811 8909 6735 3829 8205 7946 8328 7326 2660 8344 5757 5947 4276 8164 5663 2962
1511 2798 2115 1203 2577 2496 2616 2301 835 2621 1808 1868 1343 2564 1779 930
8512 15762 11916 6775 14517 14059 14735 12962 4706 14763 10186 10523 7565 14445 10019 5241
4680 8666 6551 3725 7981 7729 8101 7126 2587 8116 5600 5785 4159 7942 5508 2881
8122 15041 11371 6465 13853 13416 14061 12369 4491 14087 9720 10041 7219 13784 9560 5001
2262 4189 3167 1800 3858 3736 3916 3445 1251 3923 2707 2797 2011 3839 2663 1393
6317 11697 8843 5027 10773 10433 10935 9619 3492 10956 7559 7809 5614 10720 7435 3889
7429 13757 10400 5913 12670 12271 12861 11313 4107 12885 8891 9184 6603 12608 8744 4574
7261 13445 10164 5779 12383 11992 12570 11057 4014 12593 8689 8976 6453 12322 8546 4470
0 5 4 1 1 5 5 4
5 0 5 5 1 1 5 1
2 4 0 5 5 3 1 3
3 2 5 0 5 1 5 1
3 1 2 2 0 1 5 4
2 5 5 1 3 0 1 5
1 2 2 3 2 1 0 5
1 1 3 1 5 1 2 0
0 4 2 3 1 1 2
2 0 2 5 3 5 2
1 5 0 3 1 1 3
3 4 1 0 4 2 1
4 4 4 3 0 3 5
3 5 5 4 2 0 2
5 5 3 4 5 2 0
0 4 2 1 5 4
1 0 5 4 4 4
4 1 0 5 1 2
3 2 1 0 4 2
1 4 1 4 0 2
2 4 4 5 3 0
0 4 4 5 1 4
2 0 1 4 1 5
2 1 0 4 5 3
4 4 2 0 5 2
5 1 5 4 0 5
5 2 4 3 3 0
0 1 1 5 4 3 4 1 5
2 0 5 1 5 4 5 2 2
4 1 0 1 2 5 1 4 2
5 3 1 0 2 2 4 1 1
5 1 4 5 0 2 4 2 1
1 4 2 1 4 0 3 4 4
1 2 3 5 4 4 0 1 5
1 4 2 4 2 3 1 0 5
2 2 5 1 3 4 4 4 0
0.0715 0.1459 0.1126 0.0704 0.1950 0.1568 0.1991 0.1849 0.1632 0.2077 0.0748 0.1449 0.1643 0.1932 0.1866 0.1553 0.1549 0.1145 0.2060 0.0728
0.9524 1.8229 1.5713 0.7805 2.8889 1.6674 2.5347 2.1831 2.0371 2.9091 0.9965 1.8939 1.6644 2.4664 1.8756 1.9689 1.7130 1.6622 2.3984 0.8847
0.0000 0.0034 0.0000 0.0000 0.0000 0.0000 0.0000 0.0000
0.0000 0.0000 0.0018 0.0000 0.0000 0.0014 0.0000
0.0011 0.0000 0.0000 0.0026 0.0000 0.0010
0.0023 0.0005 0.0000 0.0023 0.0031 0.0000
0.0009 0.0000 0.0052 0.0000 0.0006 0.0022 0.0000 0.0011 0.0045
0 3077 1946 661 191 2060 1698 1337
693 0 3362 696 659 535 1063 321
1016 832 0 2504 1642 1126 444 532
1581 706 828 0 1055 189 1495 228
1428 397 568 754 0 418 1210 2440
678 1075 2706 703 1788 0 273 3124
668 885 1041 1082 1321 159 0 2718
603 599 633 191 1110 556 929 0
0 573 1062 1186 464 305 1366
1076 0 795 2580 1142 3429 1006
248 1983 0 723 511 662 596
1606 794 275 0 1467 414 229
1116 2198 1516 1870 0 1349 2119
2047 2216 911 637 851 0 1082
3462 3112 562 2386 2169 554 0
0 2551 500 610 2066 1032
458 0 1249 851 1267 827
2045 374 0 2074 418 450
1934 1272 222 0 2245 1349
387 559 419 2635 0 811
271 1304 1199 3077 627 0
0 2428 985 3429 229 1457
754 0 178 1648 698 849
866 261 0 1986 2606 525
2673 2605 647 0 3282 1292
2836 166 2962 1330 0 2336
2286 660 1072 763 1394 0
0 690 621 3441 980 851 1109 545 1254
291 0 1645 162 2680 2816 1872 1101 392
712 504 0 477 1009 2412 304 639 994
3218 1666 442 0 1021 353 1676 643 142
1587 605 1006 1293 0 370 1065 1381 339
529 1109 846 416 874 0 712 2753 1163
350 1001 1301 2980 1537 2421 0 405 887
633 1015 779 2410 409 1550 327 0 2639
1268 491 1296 313 693 1229 2805 1340 0
