20 16 112 5
206259
01 02 04 07 08 11 18 20
01 04 06 07 10 13 14 17 18
01 05 06 09 11 12 14 16 20
01 03 12 15 19
01 02 05 08 09 10 13 17 19
12000 8000 8000 12000 18000 8000 10666.66667 18000
6222.222222 5333.333333 6000 6857.142857 5600 16000 8000 10666.66667 14000
6857.142857 6857.142857 7111.111111 9333.333333 7200 8000 12000 16000 8000
18000 6222.222222 16000 8000 16000
9000 16000 16000 11200 9333.333333 8000 8000 6400 9000
160 160 160 160 160 160 160 160 160 160 160 160 160 160 160 160
160 160 160 160 160 160 160 160 160 160 160 160 160 160 160 160
160 160 160 160 160 160 160 160 160 160 160 160 160 160 160 160
160 160 160 160 160 160 160 160 160 160 160 160 160 160 160 160
160 160 160 160 160 160 160 160 160 160 160 160 160 160 160 160
0.006 0.007 0.009 0.006 0.004 0.007 0.006 0.004
0.009 0.009 0.008 0.007 0.01 0.003 0.006 0.006 0.004
0.007 0.007 0.009 0.006 0.01 0.006 0.004 0.004 0.008
0.004 0.009 0.003 0.008 0.003
0.008 0.003 0.003 0.005 0.006 0.006 0.009 0.01 0.008
6612 13431 12702 5218 4380 8490 8864 13181 14689 16116 16808 9934 4382 14310 11595 17645 13739 1459 12692 0
0 0 0 0 0 0 0 0 0 0 0 0 0 0 0 0 0 0 0 2551
8529 9561 11395 11306 14369 12797 10246 13772 12089 12529 9608 8316 12744 13203 12338 13572
4165 4669 5565 5521 7017 6250 5004 6726 5904 6118 4692 4061 6224 6448 6025 6628
892 1000 1192 1183 1503 1339 1072 1441 1265 1311 1005 870 1333 1381 1291 1420
4463 5003 5962 5916 7518 6696 5361 7206 6325 6555 5027 4351 6668 6908 6456 7101
4264 4780 5697 5653 7184 6398 5123 6886 6044 6264 4804 4158 6372 6601 6169 6786
4859 5447 6492 6442 8187 7291 5838 7847 6888 7138 5474 4738 7261 7522 7030 7733
6644 7449 8877 8808 11194 9970 7982 10729 9418 9761 7485 6479 9929 10286 9612 10574
4661 5225 6227 6179 7852 6994 5599 7526 6607 6847 5251 4544 6965 7215 6743 7417
3074 3446 4107 4075 5179 4613 3693 4964 4357 4516 3463 2997 4594 4759 4447 4892
5454 6115 7287 7231 9189 8184 6553 8808 7731 8012 6144 5318 8150 8443 7890 8680
1983 2223 2650 2629 3341 2976 2382 3202 2811 2913 2234 1934 2963 3070 2869 3156
3471 3891 4637 4601 5847 5208 4170 5605 4920 5099 3910 3384 5186 5373 5021 5523
5058 5670 6757 6705 8521 7589 6076 8167 7169 7430 5697 4931 7557 7829 7317 8048
6942 7782 9275 9203 11695 10416 8340 11210 9840 10198 7820 6769 10373 10746 10043 11047
991 1111 1325 1314 1670 1488 1191 1601 1405 1456 1117 967 1481 1535 1434 1578
793 889 1060 1051 1336 1190 953 1281 1124 1165 893 773 1185 1228 1147 1262
7438 8338 9937 9860 12531 11160 8935 12010 10543 10926 8379 7252 11114 11514 10760 11836
2181 2446 2915 2892 3675 3273 2621 3523 3092 3205 2457 2127 3260 3377 3156 3472
3074 3446 4107 4075 5179 4613 3693 4964 4357 4516 3463 2997 4594 4759 4447 4892
3173 3557 4240 4207 5346 4762 3812 5124 4498 4662 3575 3094 4742 4912 4591 5050
0 2 2 2 3 6 2 3
2 0 4 6 5 3 6 2
5 6 0 3 3 5 6 1
1 1 5 0 1 3 4 4
5 2 4 6 0 5 3 4
1 1 1 6 6 0 2 1
2 4 5 2 3 1 0 4
2 2 6 4 2 2 3 0
0 2 1 3 5 2 2 6 3
3 0 4 2 4 4 4 2 5
1 1 0 5 5 5 3 5 1
4 3 5 0 3 5 3 4 2
2 5 4 6 0 4 5 5 6
4 2 3 1 1 0 4 6 1
4 1 5 3 2 2 0 4 3
5 2 4 1 1 2 1 0 2
6 4 5 1 6 6 4 3 0
0 4 4 2 2 4 3 6 6
3 0 2 3 2 2 1 5 1
6 2 0 6 5 4 5 1 3
4 5 3 0 4 4 2 4 5
5 4 3 4 0 4 5 1 2
5 5 2 6 5 0 2 6 4
1 1 5 6 1 6 0 2 6
2 1 4 4 5 3 1 0 3
6 2 1 2 3 2 6 6 0
0 6 3 6 4
6 0 2 2 4
2 3 0 3 3
1 6 5 0 1
1 1 5 5 0
0 4 3 6 2 2 6 2 4
3 0 5 6 6 2 2 1 2
5 5 0 6 6 2 3 2 1
5 2 4 0 4 3 2 5 3
3 4 5 1 0 3 1 1 3
6 1 1 2 4 0 1 4 1
5 2 2 1 2 1 0 3 3
4 2 5 6 1 1 1 0 3
2 4 2 1 1 6 5 5 0
0.163 0.195 0.195 0.098 0.130 0.228 0.119 0.119 0.130 0.087 0.184 0.152 0.087 0.173 0.087 0.130 0.098 0.119 0.163 0.141
1.67 2.26 2.55 1.03 1.81 3.07 1.22 1.36 1.48 1.18 1.97 1.55 1.26 2.27 1.27 1.63 0.98 1.73 2.36 1.90
0.00118 0.00309 0 0 0 0 0.00184 0
0.0058 0 0.00051 0.00182 0.00394 0 0.0022 0 0
0.00357 0.00332 0 0 0.00374 0.00159 0 0 0.0036
0 0 0 0 0
0.00464 0 0 0.0014 0.00042 0 0.00477 0.00472 0.00375
0 63 59 92 93 236 65 152
103 0 204 255 147 168 270 100
180 224 0 110 120 272 255 36
39 34 148 0 54 131 180 133
201 82 117 284 0 170 149 188
38 36 30 248 291 0 110 34
112 201 262 57 141 36 0 172
85 74 300 211 87 104 130 0
0 82 42 90 208 59 76 246 107
90 0 182 101 160 210 117 100 261
31 31 0 145 178 190 103 201 45
149 108 262 0 171 160 88 125 109
66 277 137 204 0 218 215 224 212
192 112 122 52 50 0 168 301 34
161 33 230 132 77 98 0 121 156
147 81 148 46 31 104 53 0 109
272 217 270 53 188 334 130 148 0
0 173 206 79 106 165 118 231 303
99 0 96 127 108 89 44 197 52
291 110 0 337 152 197 235 44 101
197 275 99 0 225 134 90 133 182
144 179 134 122 0 146 214 42 61
207 272 78 228 274 0 103 298 115
35 44 260 288 36 231 0 81 171
91 46 158 212 197 122 28 0 150
180 92 44 82 125 58 238 238 0
0 248 165 269 202
240 0 82 98 208
108 168 0 115 105
40 171 220 0 47
44 39 155 262 0
0 182 167 305 104 75 269 112 114
100 0 274 240 337 82 111 48 113
200 251 0 185 209 64 130 58 31
195 60 120 0 150 140 91 201 162
164 187 168 30 0 103 35 40 114
222 43 45 69 192 0 54 146 41
142 101 94 52 91 30 0 94 148
220 68 215 183 34 45 45 0 101
69 124 92 37 44 320 251 181 0
