20 16 112 5
181945
04 05 08 12 16 18 19
03 05 06 10 11 16 19 20
01 02 03 06 07 08 09 12 15 17 19 20
01 02 04 07 13 15 19 20
01 09 10 11 12 13 14 16 17 18 19
5600 9142.857143 18666.66667 24000 9000 14400 12800
8000 8000 9333.333333 6222.222222 7200 9333.333333 4800 12000
18000 6222.222222 11200 8000 7111.111111 6222.222222 6222.222222 16000 9333.333333 12800 8000 10285.71429
9600 9333.333333 6000 9333.333333 14400 8000 12800 24000
9142.857143 10285.71429 4800 8000 9333.333333 6222.222222 18000 21333.33333 12800 9600 6222.222222
160 160 160 160 160 160 160 160 160 160 160 160 160 160 160 160
160 160 160 160 160 160 160 160 160 160 160 160 160 160 160 160
160 160 160 160 160 160 160 160 160 160 160 160 160 160 160 160
160 160 160 160 160 160 160 160 160 160 160 160 160 160 160 160
160 160 160 160 160 160 160 160 160 160 160 160 160 160 160 160
0.01 0.007 0.003 0.003 0.008 0.005 0.005
0.008 0.007 0.006 0.009 0.01 0.006 0.01 0.006
0.004 0.009 0.005 0.008 0.009 0.009 0.009 0.003 0.006 0.005 0.009 0.007
0.005 0.006 0.008 0.006 0.005 0.008 0.005 0.003
0.007 0.007 0.01 0.007 0.006 0.009 0.004 0.003 0.005 0.005 0.009
5447 3134 1854 16586 6433 14812 2181 19043 19519 8494 1298 11578 13390 0 6170 10936 11365 12557 3648 13490
0 0 0 0 0 0 0 0 0 0 0 0 0 920 0 0 0 0 0 0
8976 9066 6314 8931 7312 9044 10040 8623 10315 9876 6864 9343 8534 6730 10039 6416
2244 2266 1578 2232 1828 2261 2510 2155 2578 2469 1716 2335 2133 1682 2509 1604
6468 6533 4549 6435 5269 6517 7234 6213 7432 7117 4946 6732 6150 4849 7234 4623
1056 1066 742 1050 860 1064 1181 1014 1213 1161 807 1099 1004 791 1181 754
4620 4666 3249 4596 3763 4655 5167 4438 5309 5083 3533 4808 4392 3464 5167 3302
7524 7600 5292 7486 6129 7581 8416 7228 8646 8279 5754 7831 7154 5641 8415 5378
8052 8133 5664 8011 6559 8113 9006 7735 9253 8860 6158 8381 7656 6037 9005 5756
3432 3466 2414 3414 2795 3458 3838 3297 3944 3776 2624 3572 3263 2573 3838 2453
6864 6933 4828 6829 5591 6916 7677 6594 7888 7552 5249 7144 6526 5146 7676 4907
8580 8666 6035 8536 6989 8645 9597 8242 9860 9441 6561 8930 8158 6433 9596 6133
2640 2666 1857 2626 2150 2660 2953 2536 3033 2904 2019 2748 2510 1979 2952 1887
9900 10000 6964 9850 8065 9975 11073 9510 11376 10893 7571 10304 9413 7423 11072 7077
3036 3066 2135 3020 2473 3059 3396 2916 3488 3340 2321 3160 2886 2276 3395 2170
924 933 649 919 752 931 1033 887 1061 1016 706 961 878 692 1033 660
6072 6133 4271 6041 4946 6118 6792 5833 6977 6681 4643 6320 5773 4552 6791 4340
8976 9066 6314 8931 7312 9044 10040 8623 10315 9876 6864 9343 8534 6730 10039 6416
9900 10000 6964 9850 8065 9975 11073 9510 11376 10893 7571 10304 9413 7423 11072 7077
2640 2666 1857 2626 2150 2660 2953 2536 3033 2904 2019 2748 2510 1979 2952 1887
10164 10266 7149 10113 8280 10241 11369 9764 11680 11183 7773 10579 9664 7621 11367 7266
10032 10133 7056 9981 8172 10108 11221 9637 11528 11038 7672 10442 9538 7522 11220 7171
0 3 1 3 2 1 5
6 0 2 6 1 3 1
1 5 0 2 1 5 1
6 6 2 0 6 4 3
2 4 2 1 0 2 2
3 6 4 1 3 0 2
1 4 6 1 6 2 0
0 6 1 6 2 4 2 6
6 0 3 6 3 1 4 1
2 2 0 2 2 1 1 4
4 6 4 0 6 4 3 3
2 1 6 1 0 5 1 2
4 6 6 6 3 0 1 6
6 2 6 4 1 2 0 5
6 2 5 6 1 3 1 0
0 1 5 5 3 3 4 2 5 6 6 3
3 0 3 4 4 4 4 3 2 3 2 2
5 4 0 2 5 4 5 2 4 3 5 1
6 4 2 0 6 6 1 6 3 5 2 6
1 3 1 3 0 4 6 1 2 1 3 6
4 3 1 3 3 0 5 6 6 3 4 2
2 5 2 5 3 2 0 3 3 4 4 3
2 3 6 5 2 3 5 0 4 1 5 2
2 1 6 6 3 6 6 4 0 3 3 3
2 2 1 5 3 3 6 6 5 0 2 5
2 1 3 2 1 3 5 3 1 2 0 1
2 4 5 3 4 2 5 5 1 2 4 0
0 3 1 2 6 3 2 5
1 0 6 5 4 2 3 3
5 1 0 3 1 2 3 4
3 2 5 0 5 1 6 3
4 2 4 2 0 1 4 5
2 3 3 5 2 0 3 4
1 1 2 6 4 1 0 1
5 5 6 4 2 3 5 0
0 4 4 2 4 3 5 5 2 2 2
6 0 4 4 1 3 5 4 6 4 3
6 5 0 5 3 1 1 4 6 3 3
4 1 6 0 1 2 1 4 6 1 6
4 3 1 1 0 2 2 6 4 3 4
1 2 5 2 1 0 3 5 1 6 5
3 4 6 2 4 1 0 6 2 3 1
3 2 4 1 1 1 3 0 4 1 4
2 4 2 5 2 2 1 6 0 1 4
3 5 5 6 4 4 3 5 4 0 4
2 4 3 4 1 2 3 5 1 3 0
0.184 0.141 0.206 0.119 0.184 0.206 0.098 0.130 0.141 0.173 0.163 0.217 0.195 0.173 0.098 0.173 0.173 0.163 0.119 0.141
2.04 1.42 2.33 1.48 2.67 2.37 0.99 1.68 1.41 1.84 1.98 2.69 2.42 1.77 1.02 1.89 1.98 2.16 1.53 1.92
0.00452 0 0 0.00051 0.00475 0 0
0.00455 0.00084 0 0 0.00215 0.00369 0.0076 0.00291
0 0.00429 0 0.00132 0.00297 0.00459 0.00108 0 0.00032 0.00085 0.00544 0.00488
0.00097 0 0 0 0 0 0.001 0
0.00491 0 0.00023 0 0.003 0.00224 0 0 0 0.0003 0.00319
0 139 47 146 82 29 284
190 0 57 281 50 159 31
33 250 0 105 28 144 36
312 334 78 0 267 219 151
74 188 90 54 0 94 110
97 257 157 36 138 0 66
52 225 289 30 282 112 0
0 222 52 209 100 195 91 205
303 0 117 282 152 38 196 46
90 67 0 111 88 43 45 168
188 221 144 0 180 128 88 117
93 41 181 28 0 208 37 90
203 320 186 236 100 0 34 276
305 99 291 123 52 104 0 195
216 62 230 296 54 127 42 0
0 42 272 150 161 93 153 86 247 303 334 123
155 0 162 222 158 201 154 115 109 99 99 101
207 194 0 59 190 206 187 58 145 154 155 39
320 172 79 0 214 336 37 233 102 202 106 255
44 165 53 167 0 139 222 55 104 56 85 197
201 122 51 121 153 0 155 267 231 168 195 113
87 215 90 152 133 110 0 168 133 155 206 147
76 117 327 281 62 142 235 0 145 39 164 98
62 56 305 257 118 193 286 161 0 85 92 119
111 91 29 205 123 117 204 286 224 0 58 177
63 46 107 72 30 90 190 102 51 60 0 47
62 212 264 156 141 72 201 192 41 61 205 0
0 96 51 90 296 132 57 220
31 0 231 180 179 109 164 140
272 45 0 132 40 96 96 145
155 80 238 0 277 46 279 108
128 81 216 92 0 56 158 205
58 134 94 214 76 0 152 134
40 38 89 262 224 51 0 33
187 232 336 125 105 148 257 0
0 202 210 77 210 139 210 178 99 74 65
298 0 162 221 54 102 262 139 274 162 90
257 222 0 177 145 52 49 194 198 87 168
164 52 226 0 33 106 48 134 178 31 334
124 132 56 41 0 101 73 320 133 135 117
38 106 214 93 33 0 94 285 34 301 284
115 134 313 112 121 40 0 306 79 135 37
96 105 114 40 34 51 144 0 202 33 192
66 209 90 144 76 72 38 231 0 53 144
109 212 181 274 172 128 101 222 188 0 217
66 129 137 204 44 58 154 164 42 92 0
