20 16 112 5
190189
3 20 12 13 16 15
13 9 10 11 3 1 7 20
9 8 17 5 16 6 19 14
12 17 16 10 6 13 20 7 15 11
4 14 13 8 20 10
4948 12800 11228 7191 5600 5217
6957 8649 8750 17500 12800 11163 8101 7778
8000 12308 9412 7869 5854 7778 7273 6000
9600 7568 8485 10980 5714 8101 14359 9846 12444 5393
9143 12973 8136 10847 18065 16000
160 160 160 160 160 160 160 160 160 160 160 160 160 160 160 160
160 160 160 160 160 160 160 160 160 160 160 160 160 160 160 160
160 160 160 160 160 160 160 160 160 160 160 160 160 160 160 160
160 160 160 160 160 160 160 160 160 160 160 160 160 160 160 160
160 160 160 160 160 160 160 160 160 160 160 160 160 160 160 160
0.0097 0.0050 0.0057 0.0089 0.0100 0.0092
0.0092 0.0074 0.0064 0.0032 0.0050 0.0043 0.0079 0.0072
0.0060 0.0052 0.0051 0.0061 0.0082 0.0072 0.0088 0.0080
0.0050 0.0074 0.0066 0.0051 0.0098 0.0079 0.0039 0.0065 0.0045 0.0089
0.0070 0.0037 0.0059 0.0059 0.0031 0.0035
7795 10747 13891 18806 11702 16519 5718 0 15857 9636 14446 14147 8838 0 7009 13655 5935 2520 8984 3983
0 0 0 0 0 0 0 3455 0 0 0 0 0 3161 0 0 0 0 0 0
1301 2212 1519 342 2022 555 2069 1828 899 514 1156 1144 917 1892 2098 2106
5265 8950 6146 1385 8182 2246 8370 7395 3637 2078 4675 4627 3708 7654 8489 8520
12919 21962 15082 3398 20079 5511 20539 18146 8924 5099 11472 11354 9100 18781 20831 20907
9977 16960 11647 2624 15506 4256 15861 14014 6891 3937 8859 8768 7028 14504 16087 16146
11072 18821 12925 2912 17207 4723 17601 15551 7647 4369 9831 9730 7799 16095 17852 17917
3135 5330 3660 825 4873 1338 4985 4404 2166 1237 2784 2755 2209 4558 5056 5074
4917 8358 5740 1293 7642 2097 7817 6906 3396 1940 4366 4321 3463 7148 7928 7957
5358 9109 6255 1410 8328 2286 8519 7526 3701 2115 4758 4709 3774 7790 8640 8672
3605 6129 4209 948 5603 1538 5732 5064 2490 1423 3201 3168 2539 5241 5813 5834
9170 15588 10705 2412 14252 3912 14578 12880 6334 3619 8143 8059 6459 13331 14786 14840
7835 13318 9146 2061 12176 3342 12455 11004 5411 3092 6957 6885 5519 11389 12632 12679
1103 1874 1287 290 1714 470 1753 1549 762 435 979 969 777 1603 1778 1784
6655 11314 7770 1751 10344 2839 10581 9348 4597 2627 5910 5849 4688 9675 10731 10771
2230 3791 2603 587 3466 951 3545 3132 1540 880 1980 1960 1571 3242 3595 3609
1567 2664 1830 412 2436 669 2492 2202 1083 619 1392 1377 1104 2278 2527 2536
8247 14019 9627 2169 12817 3518 13110 11583 5696 3255 7323 7247 5809 11988 13297 13346
6665 11329 7780 1753 10358 2843 10595 9361 4603 2630 5918 5857 4694 9688 10746 10785
11161 18973 13029 2936 17346 4761 17744 15677 7709 4405 9911 9809 7862 16225 17996 18062
10762 18295 12564 2831 16726 4591 17110 15117 7434 4247 9557 9458 7581 15645 17353 17417
4970 8449 5802 1307 7724 2120 7901 6981 3433 1961 4413 4368 3501 7225 8014 8043
0 5 2 1 5 3
3 0 2 3 4 4
5 2 0 5 5 3
2 2 5 0 4 4
3 1 2 4 0 4
1 3 4 5 2 0
0 2 1 5 3 4 1 5
3 0 2 1 4 2 5 3
2 5 0 3 1 4 3 4
5 5 1 0 4 4 4 3
2 3 1 4 0 2 2 4
3 2 4 5 1 0 2 1
2 1 2 5 1 5 0 1
5 5 1 4 2 1 5 0
0 4 1 4 4 1 3 2
5 0 4 1 4 1 4 4
1 3 0 3 5 1 3 4
5 2 3 0 2 5 1 4
4 5 3 3 0 1 3 2
2 3 2 1 4 0 5 1
2 4 5 4 3 5 0 4
5 2 3 4 3 5 4 0
0 4 2 2 2 3 3 2 3 2
5 0 2 5 2 5 1 1 5 1
4 5 0 5 1 1 5 5 4 4
2 1 2 0 4 2 1 4 4 1
2 1 2 5 0 5 5 2 2 2
2 2 3 1 3 0 5 2 1 1
5 5 1 4 1 2 0 3 5 4
4 3 2 3 3 5 3 0 5 2
2 3 4 1 3 4 5 4 0 4
4 5 5 3 4 4 3 2 2 0
0 3 2 4 1 4
3 0 5 2 5 5
1 3 0 2 1 5
3 1 2 0 4 2
5 1 4 4 0 4
3 5 3 2 4 0
0.1905 0.1304 0.1728 0.1994 0.1682 0.1168 0.1099 0.1811 0.1359 0.2037 0.1573 0.1629 0.0822 0.0985 0.0982 0.1905 0.0946 0.2070 0.1901 0.1659
2.2759 1.6595 1.7281 2.8665 1.9513 1.2837 1.6124 2.6926 1.6065 2.9525 2.1887 1.7389 1.1323 1.0166 1.2577 2.1198 1.1899 2.2586 2.3596 2.1658
0.0101 0.0044 0.0050 0.0073 0.0111 0.0081
0.0082 0.0085 0.0066 0.0029 0.0044 0.0038 0.0077 0.0062
0.0058 0.0057 0.0059 0.0072 0.0080 0.0065 0.0074 0.0085
0.0045 0.0066 0.0059 0.0045 0.0096 0.0087 0.0033 0.0055 0.0044 0.0097
0.0076 0.0041 0.0070 0.0070 0.0037 0.0030
0 931 252 194 1228 411
411 0 367 472 432 812
1029 183 0 658 271 493
456 184 475 0 341 772
580 68 246 292 0 492
109 467 406 475 370 0
0 145 232 917 535 262 127 370
202 0 269 200 840 336 1323 275
481 1010 0 717 237 668 341 999
538 1012 56 0 479 228 1024 428
142 779 95 347 0 358 338 837
232 286 390 560 79 0 274 108
339 92 429 1340 240 737 0 69
980 405 152 695 345 127 800 0
0 646 116 558 296 148 580 386
358 0 686 167 496 62 385 437
171 705 0 584 808 258 745 878
571 381 540 0 282 861 128 372
634 1000 803 312 0 73 353 283
366 596 408 180 664 0 1153 194
317 211 630 458 531 744 0 545
657 209 598 573 426 1188 287 0
0 1051 307 501 386 760 552 477 295 371
792 0 476 1040 151 300 177 119 802 183
340 433 0 357 219 77 708 296 292 1024
260 109 248 0 812 227 202 499 763 148
124 119 385 1214 0 731 1328 363 264 401
412 372 540 156 436 0 669 161 241 101
527 1164 160 835 260 386 0 246 908 818
545 207 228 488 267 751 381 0 1112 214
292 387 715 205 311 501 903 959 0 798
615 383 835 396 844 678 554 109 168 0
0 503 348 528 202 852
158 0 731 376 789 1046
186 682 0 517 216 680
366 139 522 0 788 195
1130 208 286 611 0 387
749 1293 680 387 520 0
