20 16 112 5
194069
8 7 14 13 2
13 1 11 16 3 5
7 19 11 14 17 2 4 5 9 1
9 16 7 18 10 4 19 2
7 4 5 12 9 16 13 11
7529 8205 9014 12549 6761
8235 6022 6829 6588 12000 12444
6588 5333 14545 8136 9492 14222 9796 10000 6914 7778
5517 13659 5926 10370 9600 12444 7442 6000
7778 12075 11852 6022 10847 7368 7368 13659
160 160 160 160 160 160 160 160 160 160 160 160 160 160 160 160
160 160 160 160 160 160 160 160 160 160 160 160 160 160 160 160
160 160 160 160 160 160 160 160 160 160 160 160 160 160 160 160
160 160 160 160 160 160 160 160 160 160 160 160 160 160 160 160
160 160 160 160 160 160 160 160 160 160 160 160 160 160 160 160
0.0085 0.0078 0.0071 0.0051 0.0071
0.0068 0.0093 0.0082 0.0085 0.0040 0.0045
0.0085 0.0090 0.0033 0.0059 0.0059 0.0045 0.0049 0.0056 0.0081 0.0072
0.0087 0.0041 0.0081 0.0054 0.0050 0.0045 0.0086 0.0080
0.0072 0.0053 0.0054 0.0093 0.0059 0.0076 0.0076 0.0041
10677 12335 9325 3908 5798 10183 0 1798 9253 1983 17235 12517 9659 14385 21229 2351 12170 18063 8080 13120
0 0 0 0 0 0 2502 0 0 0 0 0 0 0 0 0 0 0 0 0
1590 4207 1204 2475 2532 3310 6131 5669 1942 6652 2935 2954 6846 1842 1779 2335
3159 8357 2392 4916 5030 6576 12179 11262 3857 13215 5831 5867 13599 3658 3535 4639
364 963 276 566 580 758 1403 1298 444 1523 672 676 1567 422 407 535
2496 6602 1890 3884 3974 5195 9622 8897 3047 10441 4606 4636 10744 2890 2793 3665
2408 6369 1823 3747 3834 5012 9282 8583 2940 10072 4444 4472 10365 2788 2694 3536
3622 9582 2742 5637 5768 7540 13965 12913 4423 15153 6686 6728 15593 4195 4053 5319
1985 5251 1503 3089 3161 4133 7653 7077 2424 8305 3664 3687 8546 2299 2221 2915
3440 9101 2605 5354 5478 7162 13263 12264 4200 14392 6350 6390 14810 3984 3850 5052
888 2350 673 1382 1414 1849 3425 3167 1085 3716 1640 1650 3824 1029 994 1304
3851 10187 2916 5993 6132 8017 14846 13728 4702 16110 7108 7153 16578 4460 4309 5655
3821 10107 2893 5946 6084 7954 14730 13621 4665 15984 7052 7097 16448 4425 4275 5611
1889 4996 1430 2939 3008 3932 7282 6733 2306 7901 3486 3508 8131 2187 2113 2774
2864 7577 2169 4457 4561 5962 11042 10210 3497 11982 5286 5320 12330 3317 3205 4206
719 1902 544 1119 1145 1497 2772 2563 878 3008 1327 1335 3095 833 805 1056
1367 3615 1035 2127 2176 2845 5268 4872 1669 5717 2522 2538 5883 1583 1529 2007
2979 7881 2256 4636 4744 6202 11486 10620 3637 12463 5499 5533 12825 3450 3334 4375
1682 4449 1273 2617 2678 3501 6483 5995 2053 7035 3104 3124 7240 1948 1882 2470
3184 8423 2411 4955 5070 6628 12275 11351 3888 13320 5877 5914 13707 3687 3563 4676
4210 11137 3188 6552 6704 8764 16231 15009 5140 17613 7771 7820 18124 4876 4711 6183
3528 9333 2671 5491 5618 7345 13602 12577 4308 14759 6512 6553 15188 4086 3948 5181
0 2 1 3 1
5 0 4 3 1
4 5 0 1 2
5 2 2 0 1
1 3 2 2 0
0 1 2 2 1 5
2 0 5 2 1 3
3 1 0 4 2 3
5 4 2 0 2 3
3 2 4 5 0 1
1 1 5 4 5 0
0 4 3 3 4 5 4 4 3 1
5 0 3 5 2 5 4 4 2 3
5 4 0 2 2 2 4 2 4 1
3 3 1 0 3 2 4 1 3 2
1 5 3 1 0 1 5 2 5 3
1 4 4 4 1 0 3 2 2 4
2 1 3 5 2 2 0 1 1 2
3 3 3 4 5 3 4 0 5 5
5 2 4 2 2 4 1 2 0 5
3 5 5 2 1 5 5 1 4 0
0 4 2 4 2 4 2 3
5 0 4 3 5 3 3 4
3 2 0 5 2 4 3 4
3 3 3 0 3 5 4 5
4 3 4 2 0 4 4 2
3 5 3 4 2 0 5 4
5 4 2 3 2 2 0 4
1 4 4 5 3 4 1 0
0 2 1 5 3 2 4 5
3 0 4 4 4 4 3 1
4 4 0 2 4 3 2 2
1 3 3 0 1 3 4 4
4 4 1 1 0 1 2 1
2 5 3 4 2 0 4 4
1 2 5 1 2 2 0 5
4 4 1 1 3 3 4 0
0.1659 0.0946 0.1323 0.1133 0.0946 0.1352 0.1207 0.2028 0.1384 0.1910 0.2053 0.1201 0.0750 0.0876 0.0925 0.1007 0.1340 0.1564 0.0893 0.1951
2.1855 0.9474 1.4824 1.1704 1.3244 1.3721 1.3296 2.1421 1.8096 2.2681 2.7480 1.7343 1.1065 0.9133 1.3445 1.4512 1.9131 2.1953 1.3326 2.3925
0.0096 0.0081 0.0076 0.0042 0.0069
0.0080 0.0080 0.0079 0.0092 0.0045 0.0054
0.0092 0.0100 0.0029 0.0049 0.0054 0.0049 0.0039 0.0060 0.0081 0.0067
0.0085 0.0042 0.0081 0.0056 0.0050 0.0039 0.0086 0.0082
0.0078 0.0061 0.0055 0.0109 0.0049 0.0070 0.0083 0.0041
0 947 184 1465 135
1745 0 1342 1066 99
727 490 0 343 964
1924 557 765 0 496
464 888 923 623 0
0 156 332 331 279 2094
799 0 1715 370 100 1182
968 440 0 483 581 1270
2477 757 463 0 496 910
1032 311 926 2000 0 113
220 245 684 862 2143 0
0 565 295 1122 1143 2477 611 1396 336 277
2067 0 885 1898 863 1357 434 823 269 467
597 545 0 629 204 728 1145 556 1899 346
550 368 299 0 788 421 1960 103 1059 910
168 2113 1153 281 0 173 2381 978 1248 1188
305 1881 1133 660 171 0 855 325 948 1675
810 135 1505 2092 522 741 0 217 203 688
438 511 1440 1906 1553 390 1542 0 1661 2202
608 844 707 955 223 1490 257 799 0 764
1443 646 715 262 490 684 2105 330 1834 0
0 1315 418 995 605 1477 557 882
1534 0 1891 312 1783 309 997 581
1245 608 0 1429 200 1131 1169 929
1436 1307 1182 0 1237 1894 496 1231
1502 833 1445 255 0 1522 1795 942
971 863 1445 741 793 0 1770 1482
1065 810 771 689 658 727 0 1978
427 1714 1032 2296 358 1911 260 0
0 477 329 1498 851 451 648 1261
679 0 788 904 1623 1827 1446 198
1594 597 0 935 973 1360 676 512
180 833 773 0 184 852 862 1374
1825 1687 471 503 0 194 492 378
558 2080 553 1261 229 0 1199 1785
457 484 802 466 459 908 0 1440
449 587 430 445 1019 291 436 0
