20 16 112 5
185662
16 7 6 4 14 10 1 15 12 11 19
20 4 9 12 19 18
20 3 16 7 12 10
3 10 20 19 17 5 12 14
9 20 15 2 7 1 3 8 6 12
16000 8116 12549 13333 12308 6400 7033 11667 8116 11429 12549
17778 6575 4948 9231 6512 14737
6234 5517 6957 19394 16000 8312
16410 8276 8101 5647 8000 10000 6667 12549
12308 6598 5773 6154 8421 8727 9032 6400 8889 6957
160 160 160 160 160 160 160 160 160 160 160 160 160 160 160 160
160 160 160 160 160 160 160 160 160 160 160 160 160 160 160 160
160 160 160 160 160 160 160 160 160 160 160 160 160 160 160 160
160 160 160 160 160 160 160 160 160 160 160 160 160 160 160 160
160 160 160 160 160 160 160 160 160 160 160 160 160 160 160 160
0.0035 0.0069 0.0051 0.0036 0.0039 0.0075 0.0091 0.0048 0.0069 0.0056 0.0051
0.0036 0.0073 0.0097 0.0052 0.0086 0.0038
0.0077 0.0087 0.0092 0.0033 0.0040 0.0077
0.0039 0.0058 0.0079 0.0085 0.0080 0.0064 0.0084 0.0051
0.0052 0.0097 0.0097 0.0078 0.0057 0.0055 0.0062 0.0100 0.0054 0.0069
12650 12782 6201 10236 11222 8218 9166 11538 12628 3813 12263 11414 6788 14111 8668 2750 7143 10255 3629 10186
0 0 0 0 0 0 0 0 0 0 0 0 0 0 0 0 0 0 0 0
3388 4325 2142 2968 4740 1455 3522 2509 2526 4577 2294 4373 3703 4957 2468 4744
3326 4246 2103 2913 4653 1429 3458 2463 2479 4493 2252 4293 3635 4866 2423 4657
13779 17592 8714 12070 19278 5920 14327 10204 10272 18617 9330 17788 15060 20163 10039 19297
7946 10145 5025 6960 11117 3414 8262 5884 5923 10735 5380 10257 8684 11627 5789 11128
8691 11096 5496 7613 12159 3734 9036 6435 6479 11742 5884 11219 9498 12717 6332 12171
4873 6221 3081 4268 6817 2093 5066 3608 3633 6583 3299 6290 5326 7130 3550 6824
11102 14175 7021 9725 15533 4770 11543 8221 8276 15000 7517 14332 12134 16245 8089 15548
2730 3485 1726 2391 3819 1173 2838 2021 2035 3688 1848 3524 2983 3994 1989 3823
14626 18673 9249 12811 20463 6284 15207 10830 10903 19760 9903 18880 15985 21401 10656 20483
4822 6157 3050 4224 6747 2072 5014 3571 3595 6515 3265 6225 5271 7057 3513 6754
8161 10420 5161 7149 11418 3506 8486 6043 6084 11026 5526 10535 8920 11942 5946 11429
12928 16505 8175 11324 18087 5554 13441 9573 9637 17466 8753 16689 14129 18917 9419 18105
7722 9859 4883 6764 10804 3318 8029 5718 5757 10433 5229 9968 8440 11299 5626 10814
1375 1755 869 1204 1923 591 1429 1018 1025 1857 931 1775 1502 2011 1002 1925
8804 11241 5568 7712 12318 3783 9154 6520 6563 11895 5961 11366 9623 12883 6415 12330
2106 2689 1332 1845 2946 905 2190 1559 1570 2845 1426 2718 2302 3081 1534 2949
7357 9392 4652 6444 10292 3161 7649 5448 5484 9939 4981 9497 8040 10765 5360 10303
11019 14069 6968 9652 15417 4734 11457 8160 8215 14888 7461 14225 12043 16124 8028 15432
2595 3313 1641 2273 3631 1115 2698 1922 1934 3506 1757 3350 2836 3797 1891 3634
5654 7219 3576 4953 7911 2429 5879 4187 4215 7639 3828 7299 6180 8274 4119 7918
0 2 1 3 4 5 3 3 2 2 2
3 0 2 2 5 3 3 1 5 1 4
2 1 0 1 5 5 4 2 3 2 5
4 4 2 0 1 3 4 2 2 3 5
1 2 5 5 0 2 1 2 2 2 5
1 3 2 3 2 0 4 1 4 1 3
1 1 1 2 2 2 0 4 5 1 1
4 2 1 2 2 4 4 0 3 1 3
1 4 4 3 3 5 3 5 0 5 3
1 1 4 1 1 5 3 1 3 0 3
5 5 3 3 4 5 4 3 2 5 0
0 2 5 4 2 2
1 0 1 5 3 4
1 4 0 5 2 2
5 1 1 0 5 5
3 1 1 5 0 2
3 3 4 1 4 0
0 5 1 5 4 2
1 0 4 2 3 3
3 3 0 2 2 1
2 1 2 0 3 3
2 2 2 1 0 1
2 3 4 3 4 0
0 5 3 2 2 4 1 4
4 0 4 1 1 5 3 1
3 3 0 4 4 3 2 1
5 5 3 0 3 5 5 4
2 4 3 2 0 3 1 5
5 1 5 3 3 0 1 4
5 2 1 1 1 2 0 2
5 3 4 5 5 4 5 0
0 4 2 5 2 4 5 3 3 1
3 0 2 1 2 4 2 4 5 4
1 5 0 2 2 4 3 1 1 4
3 5 5 0 5 1 4 2 4 2
4 1 4 3 0 4 4 2 5 2
2 5 4 1 5 0 2 2 1 5
2 1 5 1 1 2 0 5 4 5
3 2 2 2 4 1 3 0 4 3
3 2 4 1 3 2 5 3 0 4
3 4 2 1 5 5 1 3 3 0
0.1531 0.1398 0.1911 0.1301 0.0858 0.1711 0.1559 0.2030 0.1492 0.1789 0.1847 0.1136 0.1208 0.0941 0.1537 0.2033 0.1375 0.1967 0.1498 0.1923
1.9874 1.6550 2.3243 1.8636 1.2642 2.3792 2.2618 2.6580 1.8991 2.1768 1.8503 1.1496 1.7350 1.1124 2.0098 2.1980 1.7726 2.5269 2.1763 2.5769
0.0030 0.0070 0.0048 0.0030 0.0045 0.0082 0.0107 0.0041 0.0059 0.0065 0.0060
0.0035 0.0061 0.0114 0.0057 0.0095 0.0034
0.0063 0.0081 0.0082 0.0027 0.0044 0.0084
0.0041 0.0052 0.0088 0.0099 0.0067 0.0065 0.0071 0.0058
0.0046 0.0091 0.0083 0.0090 0.0048 0.0050 0.0054 0.0111 0.0056 0.0075
0 769 183 1110 1222 3004 563 1929 470 864 421
830 0 664 527 1870 1853 1628 167 773 272 1750
1044 239 0 446 1072 917 1654 906 1475 710 3078
1116 2338 960 0 495 1557 644 640 457 421 2030
425 1072 2912 2347 0 1023 566 1112 799 765 2388
264 1791 983 1431 563 0 1674 592 2490 554 843
633 162 630 976 395 571 0 2549 3004 581 438
1185 451 147 1159 1244 2371 1457 0 1115 447 1138
327 562 1029 1174 1084 1102 667 708 0 1590 1946
509 126 2154 187 633 1612 1029 451 1359 0 438
2231 836 1887 747 998 1810 2542 1358 798 1354 0
0 628 1435 688 264 373
586 0 477 2660 1625 1409
490 1109 0 2223 900 1032
678 216 306 0 898 1061
635 598 344 2347 0 767
1532 1863 1791 447 1754 0
0 659 372 898 521 1170
320 0 1902 719 1872 627
1188 693 0 249 1110 295
1049 211 1287 0 1882 1615
1138 508 842 323 0 388
1185 1874 2351 1073 2538 0
0 705 770 866 1142 608 124 1118
1326 0 2284 355 252 2871 801 228
522 1788 0 1415 1715 552 935 612
3089 3083 1491 0 1434 640 2928 1428
315 2573 1416 894 0 882 306 2271
2478 210 1658 1827 679 0 288 1965
2557 1251 498 462 583 897 0 403
1783 1946 1142 2844 1023 1192 2103 0
0 1976 1182 1302 492 577 787 648 1488 173
495 0 796 302 904 1691 1242 1357 1777 1239
437 2500 0 257 282 1600 428 203 141 2484
397 1471 692 0 1378 430 2019 1242 2586 895
505 335 2373 1195 0 1865 946 1206 3018 1090
524 2022 1767 306 1281 0 327 340 440 2442
1138 440 2282 627 451 1295 0 1680 2301 1682
1915 1197 978 1149 1283 380 1299 0 2464 602
809 787 2532 552 1286 1219 982 382 0 1615
1504 1910 273 414 1807 2776 621 1457 1312 0
