20 16 112 5
217867
2 8 11 13 17 6 19 20
11 17 8 10 14 18
10 13 4 8 5 17 20 9 18 11 7
11 3 10 7 12 16 9 13 19
6 16 10 14 4 8 18
13617 16471 5517 6598 4848 6076 9796 15000
7273 8750 6437 13061 6154 8000
16970 8571 12174 6154 13659 10000 13333 9032 13333 9600 7778
7385 6022 7711 8767 7356 5217 13617 13714 6154
9697 18667 7442 15238 4948 5657 7191
160 160 160 160 160 160 160 160 160 160 160 160 160 160 160 160
160 160 160 160 160 160 160 160 160 160 160 160 160 160 160 160
160 160 160 160 160 160 160 160 160 160 160 160 160 160 160 160
160 160 160 160 160 160 160 160 160 160 160 160 160 160 160 160
160 160 160 160 160 160 160 160 160 160 160 160 160 160 160 160
0.0047 0.0034 0.0087 0.0097 0.0099 0.0079 0.0049 0.0032
0.0077 0.0064 0.0087 0.0049 0.0091 0.0080
0.0033 0.0056 0.0046 0.0091 0.0041 0.0064 0.0036 0.0062 0.0048 0.0050 0.0072
0.0065 0.0093 0.0083 0.0073 0.0087 0.0092 0.0047 0.0035 0.0078
0.0066 0.0030 0.0086 0.0042 0.0097 0.0099 0.0089
26819 833 21937 24193 2318 627 0 18032 14738 3592 0 14617 10357 2572 614 0 24116 17088 24773 10642
0 0 0 0 0 0 3314 0 0 0 2426 0 0 0 0 1394 0 0 0 0
15793 13986 8058 13162 4103 11329 6286 10208 10771 15447 11872 10378 9014 2479 3657 13979
11778 10430 6009 9816 3060 8448 4688 7612 8032 11519 8854 7739 6722 1849 2727 10425
10132 8973 5170 8445 2633 7268 4033 6549 6910 9910 7617 6658 5783 1590 2346 8968
1450 1284 740 1208 377 1040 577 937 989 1418 1090 953 827 228 336 1283
5679 5029 2898 4733 1476 4074 2261 3671 3873 5555 4269 3732 3241 891 1315 5027
14317 12678 7305 11932 3720 10269 5699 9253 9764 14002 10762 9407 8171 2247 3315 12672
15596 13812 7958 12998 4052 11187 6208 10081 10637 15254 11724 10248 8901 2448 3611 13805
5525 4893 2819 4605 1436 3963 2199 3571 3768 5404 4154 3631 3153 867 1279 4891
7201 6377 3674 6002 1871 5166 2867 4655 4911 7043 5414 4732 4110 1130 1667 6374
19311 17101 9853 16094 5017 13852 7687 12481 13170 18887 14516 12689 11021 3031 4471 17092
8003 7087 4083 6670 2079 5740 3185 5172 5458 7827 6016 5258 4567 1256 1853 7083
3772 3340 1924 3143 980 2705 1501 2438 2572 3689 2835 2478 2152 592 873 3338
8464 7496 4319 7054 2199 6072 3369 5471 5773 8279 6363 5562 4831 1329 1960 7492
10524 9319 5370 8771 2734 7549 4189 6802 7177 10293 7911 6915 6006 1652 2437 9315
11538 10217 5887 9616 2998 8276 4592 7457 7869 11284 8673 7581 6585 1811 2671 10212
18040 15975 9205 15035 4687 12940 7181 11660 12303 17644 13561 11854 10296 2831 4177 15967
12749 11290 6505 10625 3312 9145 5075 8240 8695 12469 9584 8377 7276 2001 2952 11284
13815 12234 7049 11513 3589 9909 5499 8929 9421 13511 10385 9077 7884 2168 3198 12227
8952 7928 4568 7461 2326 6421 3563 5786 6105 8756 6730 5882 5109 1405 2073 7924
6708 5940 3422 5590 1743 4811 2670 4335 4574 6560 5042 4407 3828 1053 1553 5937
0 4 4 1 1 5 2 3
2 0 1 5 5 5 4 3
2 4 0 3 5 3 4 2
2 5 4 0 2 2 4 3
1 2 3 5 0 2 2 4
1 4 4 3 2 0 2 3
5 4 4 2 4 4 0 1
4 3 4 5 4 2 5 0
0 1 4 2 1 5
3 0 4 4 5 3
1 1 0 5 3 5
3 2 3 0 5 4
1 2 3 2 0 3
3 3 3 3 4 0
0 3 5 5 5 2 4 2 4 2 1
4 0 3 3 4 3 2 5 1 5 2
3 4 0 2 3 2 4 4 5 4 5
1 5 3 0 3 1 1 4 4 3 4
4 2 4 4 0 5 2 1 4 4 4
5 5 1 1 5 0 1 2 3 3 5
1 5 3 3 3 4 0 5 5 2 1
4 4 5 1 4 5 4 0 2 3 2
1 1 5 3 3 3 1 1 0 4 3
3 1 5 4 1 4 4 4 5 0 1
1 5 2 1 5 5 5 5 3 1 0
0 3 4 4 4 4 4 4 1
3 0 5 4 5 4 5 5 2
3 4 0 1 3 4 2 3 1
5 3 5 0 1 3 5 4 3
5 5 4 2 0 5 2 3 4
1 5 4 5 3 0 5 4 1
2 3 2 4 1 4 0 4 3
3 4 3 5 1 3 3 0 5
2 3 1 2 3 2 4 4 0
0 4 4 4 4 4 4
5 0 4 5 2 4 5
2 3 0 1 2 2 5
2 3 3 0 4 2 1
4 3 4 3 0 1 2
5 4 1 5 1 0 1
3 4 1 5 5 4 0
0.0910 0.1049 0.1977 0.2091 0.0877 0.1634 0.1485 0.1421 0.1469 0.1589 0.1832 0.1181 0.1041 0.0954 0.2057 0.1572 0.0930 0.1768 0.2074 0.0889
1.2009 1.1979 2.2119 2.5863 0.9935 1.8234 1.7051 1.7391 1.8011 2.0084 2.1801 1.2093 1.1018 1.1786 2.5364 2.0189 1.3317 1.8056 2.8965 0.9519
0.0040 0.0037 0.0087 0.0078 0.0083 0.0079 0.0058 0.0038
0.0082 0.0066 0.0073 0.0051 0.0098 0.0084
0.0035 0.0064 0.0050 0.0081 0.0040 0.0052 0.0036 0.0056 0.0056 0.0056 0.0070
0.0067 0.0078 0.0097 0.0064 0.0084 0.0088 0.0040 0.0041 0.0081
0.0063 0.0034 0.0078 0.0035 0.0088 0.0080 0.0074
0 303 539 71 196 1103 222 292
294 0 267 1409 1137 1054 590 212
462 887 0 684 284 314 603 476
225 1354 955 0 480 481 249 473
193 419 663 1204 0 220 466 1152
238 584 402 355 577 0 531 290
789 295 397 398 653 632 0 78
550 368 550 1312 575 586 338 0
0 120 745 341 250 452
839 0 731 593 901 378
236 236 0 870 178 1432
769 337 540 0 332 431
216 204 418 576 0 284
829 507 695 695 785 0
0 314 753 1014 405 133 828 498 1034 297 241
1149 0 832 194 469 385 113 767 121 1129 256
382 410 0 383 606 360 1003 1044 1250 350 1083
175 1339 594 0 260 122 140 1096 381 215 255
640 155 568 429 0 591 499 139 505 314 531
975 1207 133 69 651 0 201 219 780 638 1461
209 873 513 543 283 461 0 1041 723 259 80
734 279 1110 121 1132 1161 699 0 570 757 332
273 127 1252 728 478 617 239 198 0 727 399
393 210 798 1070 87 1047 1087 836 717 0 84
131 516 169 92 752 874 1054 902 341 142 0
0 547 680 763 537 638 1027 611 154
259 0 1056 481 1308 1144 1159 765 175
872 276 0 144 764 1129 477 665 202
687 850 1050 0 139 674 1271 737 304
1153 375 372 421 0 1102 426 429 272
196 943 487 516 752 0 1087 584 163
558 378 118 366 274 330 0 944 254
678 593 884 343 273 622 742 0 805
273 585 284 405 627 181 373 414 0
0 963 991 844 841 745 1127
987 0 594 1094 375 436 532
324 449 0 214 440 131 1335
367 675 325 0 885 524 231
313 784 582 377 0 142 156
348 367 279 372 148 0 292
604 336 234 931 860 844 0
