28 16 112 7
336071
3 8 13 14 20
1 2 4 10 16 22 25
3 5 15 17 18 22 24
7 12 26
1 4 6 11 13 23 27
4 9 14 15 17 19 21 25 26 28
6 13 15 23
1810 1416 1218 1658 3441
3738 1860 1529 1794 1667 1429 1416
3960 2516 5882 1255 1538 876 4444
5926 2000 1311
2963 2623 2424 1137 2991 1446 1190
1556 1538 860 4638 920 2649 1693 2162 1594 3288
1594 2685 1778 2143
160 160 160 160 160 160 160 160 160 160 160 160 160 160 160 160
160 160 160 160 160 160 160 160 160 160 160 160 160 160 160 160
160 160 160 160 160 160 160 160 160 160 160 160 160 160 160 160
160 160 160 160 160 160 160 160 160 160 160 160 160 160 160 160
160 160 160 160 160 160 160 160 160 160 160 160 160 160 160 160
160 160 160 160 160 160 160 160 160 160 160 160 160 160 160 160
160 160 160 160 160 160 160 160 160 160 160 160 160 160 160 160
0.0221 0.0226 0.0197 0.0193 0.0093
0.0107 0.0172 0.0157 0.0223 0.0192 0.0168 0.0226
0.0101 0.0159 0.0068 0.0255 0.0156 0.0274 0.0072
0.0054 0.0160 0.0244
0.0081 0.0122 0.0165 0.0211 0.0107 0.0166 0.0269
0.0257 0.0260 0.0279 0.0069 0.0261 0.0151 0.0189 0.0185 0.0251 0.0073
0.0251 0.0149 0.0135 0.0112
7507 10275 17953 20062 22730 5464 21857 5984 0 7949 18254 7041 19900 0 27997 23480 2049 10333 14495 3732 0 4588 3458 16906 14932 0 21039 24759
0 0 0 0 0 0 0 0 2906 0 0 0 0 3740 0 0 0 0 0 0 2981 0 0 0 0 1869 0 0
850 1023 1015 1120 1031 808 933 762 946 983 738 1036 779 875 936 751
4848 5834 5787 6387 5880 4603 5319 4345 5392 5605 4205 5906 4443 4988 5335 4281
1578 1899 1884 2079 1914 1499 1732 1414 1755 1825 1369 1923 1446 1624 1737 1394
302 364 361 398 366 287 331 271 336 349 262 368 277 311 332 267
4332 5213 5171 5707 5254 4113 4752 3882 4818 5008 3757 5277 3970 4457 4767 3825
2093 2519 2498 2757 2539 1987 2296 1876 2328 2420 1815 2550 1918 2153 2303 1848
2613 3144 3119 3442 3169 2481 2867 2342 2906 3021 2266 3183 2395 2688 2876 2307
4465 5374 5330 5883 5416 4240 4899 4002 4966 5163 3873 5439 4092 4594 4914 3943
4577 5508 5464 6030 5552 4346 5022 4102 5091 5292 3970 5576 4195 4709 5037 4042
455 548 543 599 552 432 499 408 506 526 395 554 417 468 501 402
3144 3783 3753 4142 3813 2985 3449 2817 3496 3635 2727 3830 2881 3234 3460 2776
3786 4557 4520 4988 4593 3595 4154 3393 4211 4378 3284 4612 3470 3895 4167 3344
1328 1598 1585 1749 1610 1261 1457 1190 1477 1535 1152 1617 1217 1366 1461 1172
584 702 697 769 708 554 640 523 649 675 506 711 535 600 642 515
1885 2269 2251 2484 2287 1790 2069 1690 2097 2180 1635 2297 1728 1940 2075 1665
525 632 627 692 637 499 576 471 584 607 456 640 481 541 578 464
2861 3443 3415 3769 3470 2717 3139 2564 3182 3308 2481 3485 2622 2943 3149 2526
822 989 981 1083 997 781 902 737 914 951 713 1002 753 846 905 726
5129 6172 6122 6757 6221 4870 5627 4596 5704 5930 4448 6247 4700 5276 5644 4529
4364 5252 5209 5749 5293 4144 4788 3911 4853 5046 3785 5316 3999 4490 4803 3854
4964 5973 5925 6540 6021 4713 5446 4449 5520 5739 4305 6047 4549 5107 5463 4383
2009 2418 2398 2647 2437 1908 2204 1801 2234 2323 1742 2447 1841 2067 2211 1774
904 1087 1079 1190 1096 858 991 810 1005 1045 784 1101 828 930 994 798
3714 4470 4434 4893 4505 3527 4075 3329 4131 4294 3221 4524 3404 3821 4088 3280
4144 4987 4947 5460 5027 3935 4547 3714 4609 4792 3595 5049 3798 4264 4561 3660
3485 4193 4159 4591 4226 3309 3823 3123 3875 4029 3022 4245 3193 3585 3835 3077
826 994 986 1088 1002 784 906 740 919 955 716 1006 757 850 909 729
4505 5421 5377 5935 5464 4278 4942 4037 5010 5209 3907 5488 4129 4635 4958 3978
0 4 7 7 3
3 0 6 2 2
5 5 0 7 2
4 7 6 0 3
3 6 4 5 0
0 2 2 5 2 3 3
2 0 2 5 5 6 2
6 7 0 2 6 3 3
5 2 5 0 7 5 5
5 4 5 5 0 2 5
5 6 3 2 6 0 4
5 4 4 6 4 5 0
0 3 4 7 7 5 2
4 0 5 2 4 2 4
3 3 0 6 5 2 3
2 5 7 0 5 7 5
4 3 6 3 0 5 4
2 3 3 5 7 0 2
3 4 3 4 2 4 0
0 5 4
2 0 7
2 6 0
0 6 4 7 5 3 7
2 0 2 3 6 5 6
6 3 0 5 7 6 3
6 3 6 0 2 3 6
6 2 2 4 0 4 5
4 3 4 6 4 0 6
5 2 3 6 5 3 0
0 2 3 4 4 4 4 4 5 3
7 0 6 6 6 3 5 2 4 4
7 5 0 2 4 3 3 4 6 5
4 4 4 0 2 3 7 2 5 2
4 4 6 5 0 7 2 6 3 2
6 5 4 7 5 0 3 3 7 4
6 4 4 3 6 7 0 6 3 3
2 6 2 3 2 6 5 0 6 5
5 5 2 7 2 4 6 3 0 6
5 4 7 6 2 3 5 7 3 0
0 5 2 6
7 0 2 7
5 7 0 5
3 6 2 0
0.3795 0.1423 0.1184 0.3592 0.3863 0.2710 0.1088 0.3377 0.2406 0.4122 0.1150 0.2751 0.2149 0.3972 0.3409 0.4018 0.2117 0.1941 0.2596 0.3282 0.3506 0.2071 0.3293 0.1984 0.3271 0.2901 0.2593 0.1930
4.3139 1.7862 1.5743 4.7781 4.7292 3.9389 1.1952 3.8661 2.7180 6.0408 1.5691 3.1266 2.2983 4.8070 4.1042 5.4463 3.0345 2.8569 3.2630 3.3159 4.7419 2.8954 4.8871 2.4303 4.3193 3.0234 2.8550 2.0930
0.0143 0.0000 0.0139 0.0000 0.0000
0.0031 0.0000 0.0020 0.0000 0.0000 0.0000 0.0000
0.0000 0.0000 0.0000 0.0000 0.0000 0.0112 0.0000
0.0000 0.0000 0.0000
0.0000 0.0000 0.0000 0.0000 0.0000 0.0054 0.0000
0.0159 0.0000 0.0002 0.0008 0.0014 0.0000 0.0000 0.0001 0.0019 0.0000
0.0114 0.0067 0.0083 0.0000
0 250 318 225 83
70 0 288 68 113
284 195 0 398 56
147 441 257 0 63
184 164 252 174 0
0 73 92 248 75 106 52
37 0 80 299 264 119 107
296 221 0 58 245 91 75
120 40 203 0 243 259 268
307 76 125 95 0 79 255
200 182 141 123 179 0 122
291 102 145 357 219 110 0
0 159 188 194 158 254 123
129 0 97 45 136 31 118
60 148 0 134 85 65 114
73 244 279 0 118 115 190
81 140 338 58 0 157 220
84 163 126 267 364 0 60
141 92 107 201 35 125 0
0 189 142
94 0 429
111 239 0
0 127 206 271 157 168 140
52 0 103 137 237 207 220
114 125 0 227 208 93 47
112 148 137 0 123 82 134
321 32 114 249 0 192 229
93 129 103 211 73 0 131
104 115 174 319 189 173 0
0 87 145 124 131 155 91 179 184 174
107 0 251 367 237 75 178 61 123 172
253 306 0 31 140 133 142 248 98 127
206 183 210 0 73 172 162 111 261 54
109 98 161 175 0 300 43 122 137 76
188 82 95 264 130 0 149 133 243 106
271 248 169 166 312 397 0 359 189 159
101 168 77 110 72 210 84 0 367 301
136 222 38 374 80 195 263 187 0 137
290 151 198 375 76 75 195 239 182 0
0 293 110 183
216 0 38 233
185 412 0 206
45 285 101 0
