28 16 112 7
122346
03 04 05 06 10 15 18 23 28
10 11 12 15 16 17 20 22 26
07 10 14 19 21
02 10 18 22
09 10 19 20 25 26 28
07 09 10 12 13 24 27
01 02 04 06 08 10 13 23 24 27
6667 3000 1333 1600 8000 1600 3333 1846 1524
5333 5333 1043 4000 3692 2000 2182 6000 1185
1667 5714 2000 4000 923
2000 3200 3200 2182
2857 1684 1778 1524 2400 1714 6400
1185 1391 2667 1846 2526 1524 2286
889 1185 2000 2824 5000 2667 2182 4000 3000 2000
160 160 160 160 160 160 160 160 160 160 160 160 160 160 160 160
160 160 160 160 160 160 160 160 160 160 160 160 160 160 160 160
160 160 160 160 160 160 160 160 160 160 160 160 160 160 160 160
160 160 160 160 160 160 160 160 160 160 160 160 160 160 160 160
160 160 160 160 160 160 160 160 160 160 160 160 160 160 160 160
160 160 160 160 160 160 160 160 160 160 160 160 160 160 160 160
160 160 160 160 160 160 160 160 160 160 160 160 160 160 160 160
0.006 0.008 0.018 0.015 0.005 0.02 0.012 0.013 0.021
0.009 0.009 0.023 0.006 0.013 0.02 0.022 0.008 0.027
0.024 0.007 0.02 0.008 0.026
0.02 0.015 0.015 0.011
0.014 0.019 0.027 0.021 0.01 0.028 0.005
0.027 0.023 0.018 0.026 0.019 0.021 0.014
0.027 0.027 0.012 0.017 0.008 0.015 0.011 0.012 0.016 0.016
5799 0 1034 7302 6187 5282 3822 2109 7142 7179 2676 6875 0 5261 4828 4016 6998 6033 7188 2117 6277 4114 4699 6350 574 0 2271 6203
0 2514 0 0 0 0 0 0 0 0 0 0 500 0 0 0 0 0 0 0 0 0 0 0 0 204 0 0
363 371 399 321 373 342 279 352 286 373 367 296 280 359 321 407
6317 6466 6945 5592 6494 5961 4868 6127 4977 6497 6392 5154 4874 6258 5593 7090
1670 1709 1836 1478 1717 1576 1287 1619 1315 1717 1690 1362 1288 1654 1478 1874
3921 4013 4310 3471 4031 3700 3021 3803 3089 4033 3967 3199 3025 3884 3472 4400
726 743 798 642 746 685 559 704 572 746 734 592 560 719 642 814
2396 2452 2634 2121 2463 2261 1846 2324 1888 2464 2424 1955 1848 2373 2121 2689
4865 4980 5348 4306 5001 4591 3749 4718 3833 5004 4923 3969 3753 4819 4307 5460
1089 1114 1197 964 1119 1027 839 1056 858 1120 1102 888 840 1079 964 1222
5373 5500 5907 4756 5524 5070 4141 5211 4234 5526 5437 4384 4145 5323 4758 6030
6535 6689 7184 5785 6718 6167 5036 6338 5149 6721 6613 5332 5042 6474 5786 7334
2033 2081 2235 1799 2090 1918 1566 1971 1602 2091 2057 1658 1568 2014 1800 2281
5301 5425 5827 4692 5449 5002 4085 5141 4176 5452 5364 4325 4089 5251 4693 5949
2178 2229 2394 1928 2239 2055 1678 2112 1716 2240 2204 1777 1680 2158 1928 2444
1234 1263 1357 1092 1269 1164 951 1197 972 1269 1249 1007 952 1222 1093 1385
6245 6392 6865 5527 6420 5893 4812 6056 4920 6423 6319 5095 4818 6186 5529 7008
1452 1486 1596 1285 1493 1370 1119 1408 1144 1493 1469 1184 1120 1438 1285 1629
1089 1114 1197 964 1119 1027 839 1056 858 1120 1102 888 840 1079 964 1222
4066 4162 4470 3599 4180 3837 3133 3943 3204 4182 4114 3317 3137 4028 3600 4563
4429 4534 4869 3920 4553 4180 3413 4295 3490 4555 4482 3614 3417 4388 3922 4971
3485 3567 3831 3085 3583 3289 2686 3380 2746 3585 3527 2843 2689 3452 3086 3911
726 743 798 642 746 685 559 704 572 746 734 592 560 719 642 814
2541 2601 2794 2249 2612 2398 1958 2464 2002 2614 2571 2073 1960 2517 2250 2852
5010 5128 5508 4435 5151 4728 3861 4859 3947 5153 5070 4088 3865 4963 4436 5623
3703 3790 4071 3278 3807 3494 2853 3591 2918 3809 3747 3021 2857 3668 3279 4156
1888 1932 2075 1671 1941 1781 1454 1831 1487 1941 1910 1540 1456 1870 1671 2118
4575 4682 5029 4049 4703 4317 3525 4436 3604 4705 4629 3732 3529 4531 4050 5134
2614 2675 2873 2314 2687 2466 2014 2535 2059 2688 2645 2132 2016 2589 2314 2933
2977 3047 3273 2635 3060 2809 2294 2887 2345 3062 3012 2429 2297 2949 2636 3341
0 6 7 4 5 5 4 6 4
8 0 5 5 8 3 6 8 4
7 3 0 2 5 3 3 3 8
8 7 7 0 2 8 7 4 3
2 5 3 5 0 5 8 8 4
7 8 6 8 5 0 6 7 8
3 6 6 3 8 2 0 4 8
7 4 7 7 8 2 7 0 7
4 3 2 7 6 4 4 8 0
0 6 3 4 5 7 6 5 4
3 0 6 6 8 6 8 5 5
5 2 0 2 4 4 5 2 3
4 7 2 0 7 4 8 3 3
2 4 2 6 0 4 6 2 5
8 2 2 3 4 0 4 4 4
5 2 7 4 2 6 0 4 8
2 2 2 7 4 2 6 0 5
7 7 3 8 6 3 8 6 0
0 3 3 6 8
6 0 8 2 5
4 7 0 7 8
4 2 7 0 7
5 4 3 5 0
0 4 5 3
7 0 6 6
6 3 0 3
3 5 3 0
0 5 2 3 4 2 4
5 0 2 8 5 3 2
6 3 0 5 6 3 5
8 5 5 0 3 4 6
2 8 6 6 0 2 7
8 4 6 7 7 0 5
7 8 5 8 7 3 0
0 5 3 3 2 7 4
2 0 8 6 8 7 5
5 8 0 2 5 6 5
6 8 7 0 2 3 2
2 4 6 6 0 6 8
6 7 8 3 5 0 8
7 8 6 8 7 8 0
0 8 3 7 7 4 7 2 6 7
7 0 4 6 2 4 2 8 2 3
3 2 0 6 6 2 7 6 7 6
3 3 2 0 7 5 8 5 6 7
2 4 7 5 0 2 7 6 2 4
2 8 4 8 8 0 2 5 2 8
7 5 6 4 3 5 0 8 7 8
5 3 7 4 6 4 2 0 2 6
8 4 2 6 7 4 5 4 0 7
3 3 4 7 2 2 7 3 5 0
0.346667 0.39 0.173333 0.1625 0.1625 0.119167 0.119167 0.108333 0.13 0.151667 0.346667 0.379167 0.184167 0.13 0.173333 0.379167 0.216667 0.195 0.13 0.119167 0.1625 0.184167 0.2275 0.325 0.3575 0.216667 0.3575 0.0975
4.229 4.368 1.924 2.259 1.641 1.299 1.490 1.268 1.482 1.972 3.709 5.612 1.934 1.404 2.427 5.119 2.362 2.184 1.365 1.668 2.096 1.952 2.525 4.128 5.255 2.232 4.683 1.443
0 0 0 0 0 0.0109 0 0 0.01812
0.00199 0 0 0 0 0 0 0 0.00049
0 0.00125 0 0 0
0.00018 0.0094 0.00012 0.002
0 0.0123 0.0161 0.0043 0 0 0
0.00873 0.00527 0.01585 0.00382 0.00495 0.00675 0
0 0 0.00188 0.0003 0 0.00835 0 0.0028 0 0.00072
0 415 616 132 309 403 292 636 120
953 0 184 415 635 124 402 704 437
560 108 0 110 355 191 147 238 523
520 805 429 0 60 865 632 381 174
92 500 112 479 0 342 273 769 137
231 729 480 364 176 0 736 768 536
97 229 462 253 900 161 0 274 896
264 305 827 670 264 83 603 0 480
300 302 222 393 560 226 319 422 0
0 717 275 240 460 610 279 620 299
177 0 555 262 940 541 824 465 500
575 143 0 155 182 306 528 142 269
188 364 104 0 441 419 707 118 255
85 456 90 723 0 392 717 233 308
721 216 185 104 388 0 323 301 180
252 86 467 496 188 357 0 194 291
107 63 169 819 446 144 284 0 575
565 546 340 780 429 331 388 205 0
0 115 369 429 281
429 0 331 164 213
368 390 0 742 720
165 198 502 0 275
570 415 104 197 0
0 286 280 307
422 0 303 619
691 153 0 117
212 152 238 0
0 422 134 226 476 96 245
221 0 246 441 528 155 95
370 104 0 456 241 127 608
340 516 425 0 332 391 288
101 248 337 266 0 161 336
824 145 328 334 742 0 526
470 604 368 881 572 247 0
0 245 307 324 140 278 361
170 0 515 723 443 263 448
536 470 0 110 468 643 456
598 550 271 0 128 283 60
99 391 386 484 0 676 728
730 679 337 345 567 0 529
511 910 742 859 298 340 0
0 712 278 312 509 225 812 189 368 266
253 0 280 528 114 384 111 708 124 279
132 216 0 543 357 140 655 387 729 351
205 96 78 0 680 248 432 613 397 693
171 242 680 378 0 101 249 566 85 256
90 464 433 952 640 0 116 500 104 593
714 281 292 251 158 534 0 380 231 556
425 138 333 395 254 287 84 0 79 489
931 310 139 447 831 280 473 411 0 488
303 138 441 564 217 115 553 343 405 0