28 16 112 7
147741
01 09 11 18 25 26
02 05 10 11 14 15 19 22
03 06 10 11 12 13 14 18 19 21 23 28
06 08 11 15 17 20
01 02 08 11 16 21 22 25 27
05 07 09 11 20 24 28
04 11
8000 6000 4000 1391 1600 2182
4000 4364 1280 1714 2667 3000 6857 2400
2182 2286 1905 1043 1714 1739 4800 2133 2182 2400 1739 9600
4444 2000 2462 4364 1684 5000
1778 4571 5333 1000 2286 4444 4364 4571 1739
2667 5000 4000 2824 1185 4000 1263
889 4000
160 160 160 160 160 160 160 160 160 160 160 160 160 160 160 160
160 160 160 160 160 160 160 160 160 160 160 160 160 160 160 160
160 160 160 160 160 160 160 160 160 160 160 160 160 160 160 160
160 160 160 160 160 160 160 160 160 160 160 160 160 160 160 160
160 160 160 160 160 160 160 160 160 160 160 160 160 160 160 160
160 160 160 160 160 160 160 160 160 160 160 160 160 160 160 160
160 160 160 160 160 160 160 160 160 160 160 160 160 160 160 160
0.006 0.008 0.01 0.023 0.025 0.011
0.008 0.011 0.025 0.014 0.012 0.008 0.007 0.01
0.011 0.014 0.021 0.023 0.014 0.023 0.005 0.015 0.011 0.01 0.023 0.005
0.009 0.016 0.013 0.011 0.019 0.008
0.027 0.007 0.009 0.024 0.021 0.009 0.011 0.007 0.023
0.018 0.008 0.01 0.017 0.027 0.006 0.019
0.027 0.006
1700 6215 10538 7779 3666 1045 8773 4659 9685 2508 9333 8654 7107 8484 783 9336 0 5152 8095 4433 0 236 9365 0 3026 9153 932 7073
0 0 0 0 0 0 0 0 0 0 0 0 0 0 0 0 329 0 0 0 3123 0 0 1604 0 0 0 0
3080 3321 3792 3470 3922 3559 2753 3827 3799 3106 3207 3806 3952 3710 2759 2758
3140 3385 3865 3537 3998 3627 2806 3900 3872 3166 3268 3880 4028 3782 2812 2811
1303 1405 1604 1468 1659 1505 1164 1619 1607 1314 1356 1610 1672 1569 1167 1167
4206 4534 5177 4738 5356 4859 3759 5225 5187 4241 4379 5197 5397 5066 3768 3766
4502 4854 5542 5071 5733 5201 4024 5593 5553 4540 4687 5563 5777 5423 4033 4032
2429 2618 2990 2736 3093 2806 2171 3017 2995 2449 2528 3001 3116 2925 2176 2175
770 830 948 867 980 889 688 956 949 776 801 951 988 927 689 689
3554 3832 4375 4004 4526 4106 3177 4415 4384 3584 3700 4392 4561 4281 3184 3183
3258 3513 4010 3670 4149 3764 2912 4047 4018 3285 3392 4026 4181 3924 2919 2918
2132 2299 2625 2402 2715 2463 1906 2649 2630 2150 2220 2635 2736 2568 1910 1909
5154 5556 6344 5806 6563 5954 4606 6403 6356 5197 5365 6369 6613 6208 4617 4615
1658 1788 2041 1868 2112 1916 1482 2060 2045 1672 1726 2049 2128 1998 1486 1485
710 766 875 800 905 821 635 883 876 716 740 878 912 856 636 636
3495 3768 4302 3937 4450 4038 3124 4342 4310 3524 3638 4319 4485 4210 3131 3130
4443 4790 5469 5005 5657 5133 3971 5519 5480 4480 4625 5490 5701 5352 3980 3979
1836 1980 2260 2068 2338 2121 1641 2281 2265 1852 1911 2269 2356 2212 1645 1644
1658 1788 2041 1868 2112 1916 1482 2060 2045 1672 1726 2049 2128 1998 1486 1485
3732 4023 4594 4204 4752 4311 3336 4636 4603 3763 3885 4612 4789 4495 3343 3342
4443 4790 5469 5005 5657 5133 3971 5519 5480 4480 4625 5490 5701 5352 3980 3979
3614 3896 4448 4070 4601 4175 3230 4489 4457 3644 3762 4465 4637 4353 3237 3236
4028 4343 4959 4538 5129 4654 3600 5004 4968 4062 4194 4978 5169 4852 3609 3607
2369 2554 2917 2669 3017 2737 2118 2943 2922 2389 2467 2928 3040 2854 2122 2122
770 830 948 867 980 889 688 956 949 776 801 951 988 927 689 689
2132 2299 2625 2402 2715 2463 1906 2649 2630 2150 2220 2635 2736 2568 1910 1909
3791 4087 4667 4271 4828 4380 3389 4710 4676 3823 3947 4685 4865 4567 3396 3395
296 319 364 333 377 342 264 367 365 298 308 366 380 356 265 265
1362 1469 1677 1534 1735 1574 1217 1692 1680 1374 1418 1683 1748 1641 1220 1220
3969 4279 4886 4471 5054 4585 3547 4931 4895 4002 4132 4905 5093 4781 3555 3554
0 4 6 5 8 4
2 0 3 2 7 2
2 8 0 6 4 2
4 4 3 0 8 3
3 7 4 6 0 7
4 2 4 4 7 0
0 7 2 6 5 3 2 2
2 0 3 5 3 7 2 6
2 2 0 2 8 2 2 7
3 2 4 0 7 8 3 8
4 5 2 7 0 2 6 6
8 8 8 8 7 0 2 3
8 5 2 4 5 5 0 4
4 6 8 5 8 8 5 0
0 4 3 8 3 7 4 4 7 3 5 7
3 0 6 2 8 3 3 3 8 6 7 8
8 6 0 7 4 8 6 8 4 8 2 7
4 4 2 0 5 5 4 2 8 6 3 5
3 7 2 2 0 8 3 5 8 2 4 5
8 2 2 7 5 0 7 7 6 5 8 5
3 4 6 8 7 7 0 2 8 6 5 8
2 7 4 6 2 6 3 0 5 7 6 2
2 3 5 3 2 7 2 4 0 7 7 5
2 2 6 6 5 8 6 4 7 0 2 3
3 5 2 7 8 6 6 5 6 3 0 2
3 6 7 4 5 6 6 5 2 7 4 0
0 6 6 3 7 8
7 0 4 3 4 7
3 6 0 3 4 6
8 6 2 0 7 6
2 4 4 3 0 2
3 5 3 5 3 0
0 6 7 2 4 3 2 3 8
5 0 6 2 6 6 3 5 6
8 4 0 2 4 3 3 3 8
2 8 7 0 6 2 7 6 5
2 7 5 5 0 5 7 3 3
5 6 7 7 2 0 6 5 6
6 4 2 3 8 3 0 6 5
8 4 2 3 2 2 3 0 7
8 7 6 6 8 5 6 6 0
0 3 4 7 7 2 4
8 0 7 6 2 4 5
8 5 0 8 2 2 5
7 6 2 0 8 7 4
2 4 7 3 0 4 3
6 7 5 5 2 0 5
8 3 7 8 6 3 0
0 4
2 0
0.216667 0.379167 0.249167 0.335833 0.325 0.39 0.1625 0.1625 0.39 0.205833 0.3575 0.325 0.195 0.335833 0.368333 0.2925 0.086667 0.335833 0.281667 0.400833 0.303333 0.314167 0.368333 0.2925 0.238333 0.195 0.3575 0.281667
2.795 4.664 2.542 4.534 3.250 5.694 1.771 2.438 5.538 2.738 4.791 3.705 2.574 4.399 3.794 3.422 1.283 4.970 3.662 5.211 3.670 4.147 5.194 3.364 3.289 2.516 5.041 3.465
0 0 0.00272 0.0105 0.0207 0
0.00075 0 0.00107 0.01048 0.00833 0 0 0
0 0.00604 0 0.01774 0 0 0 0 0.00483 0 0 0
0 0.00974 0.00877 0.00181 0 0
0.01887 0 0 0.01782 0 0.00031 0.00161 0 0
0.00469 0 0.00382 0.00878 0.01596 0 0.0142
0 0
0 221 696 455 788 325
114 0 327 214 278 234
152 756 0 187 380 206
286 340 220 0 441 183
262 848 266 400 0 449
319 201 144 460 807 0
0 842 146 464 161 274 100 172
90 0 241 200 337 478 190 535
214 218 0 99 774 219 160 443
167 137 445 0 434 518 353 484
121 393 88 225 0 154 429 682
267 840 638 835 235 0 61 99
492 408 118 322 597 369 0 463
251 356 643 179 716 462 546 0
0 421 304 547 327 600 414 268 369 247 529 345
149 0 630 202 259 108 205 355 262 577 637 672
875 654 0 576 136 752 214 627 225 320 152 389
190 262 140 0 342 312 269 108 315 470 219 365
322 435 90 100 0 256 154 182 475 144 147 457
305 138 120 614 544 0 785 247 507 553 323 233
230 297 282 283 481 282 0 169 561 416 255 566
234 597 352 561 195 294 237 0 515 268 261 124
114 164 433 297 112 581 213 160 0 742 708 497
164 136 292 363 162 720 409 396 798 0 147 200
93 587 193 464 569 675 181 549 661 147 0 70
334 552 791 471 498 672 206 443 243 863 476 0
0 724 430 301 359 985
399 0 300 321 458 484
142 631 0 276 131 472
987 709 232 0 560 580
162 387 319 172 0 88
181 305 229 259 179 0
0 742 740 176 425 273 70 366 691
569 0 615 150 418 553 178 215 289
424 390 0 194 440 223 245 249 328
159 958 273 0 741 63 765 534 309
99 757 445 317 0 517 410 159 201
181 716 730 828 97 0 208 240 351
402 458 164 372 972 339 0 244 589
515 344 84 194 131 61 129 0 700
523 429 726 309 740 465 661 459 0
0 364 224 509 494 114 269
636 0 693 360 70 300 566
457 264 0 633 234 208 482
246 380 186 0 976 448 381
175 428 681 224 0 183 261
625 522 327 614 194 0 279
353 282 788 585 640 145 0
0 154
194 0
