28 16 112 7
137321
11 17 14 8 7 10
26 2 17 4 18 11
28 15 4 14 16 19 20 1 2 12
2 3 23 13 28 9 12 24 17
28 2 13 23 25 8 11 3
7 12
9 13 1 24 26 19 2 14 23 8 25
4706 4082 1475 2735 4545 6557
5714 2247 863 5556 5195 3077
1702 3960 1702 1240 1606 1569 3252 2424 1515 916
1463 1373 6452 1871 1860 5970 2941 1086 1086
876 2000 2735 1319 945 5195 2649 2094
2637 3636
3232 3019 2186 2632 1137 1371 1835 1000 3556 1660 1626
160 160 160 160 160 160 160 160 160 160 160 160 160 160 160 160
160 160 160 160 160 160 160 160 160 160 160 160 160 160 160 160
160 160 160 160 160 160 160 160 160 160 160 160 160 160 160 160
160 160 160 160 160 160 160 160 160 160 160 160 160 160 160 160
160 160 160 160 160 160 160 160 160 160 160 160 160 160 160 160
160 160 160 160 160 160 160 160 160 160 160 160 160 160 160 160
160 160 160 160 160 160 160 160 160 160 160 160 160 160 160 160
0.0085 0.0098 0.0217 0.0117 0.0088 0.0061
0.0056 0.0178 0.0278 0.0072 0.0077 0.0130
0.0235 0.0101 0.0141 0.0258 0.0249 0.0204 0.0123 0.0099 0.0264 0.0262
0.0164 0.0233 0.0062 0.0171 0.0129 0.0067 0.0136 0.0221 0.0221
0.0274 0.0200 0.0117 0.0182 0.0254 0.0077 0.0151 0.0191
0.0091 0.0066
0.0099 0.0106 0.0183 0.0152 0.0211 0.0175 0.0218 0.0240 0.0090 0.0241 0.0246
6358 6986 4232 8053 2992 5221 1463 7060 3215 2606 7674 628 4300 1278 1445 8365 610 7359 4163 7698 2670 4338 2284 6285 7023 7202 8372 7437
0 0 0 0 0 0 0 0 0 0 0 0 0 0 0 0 0 0 0 0 0 0 0 0 0 0 0 0
1192 964 873 1292 1026 953 1013 1120 928 1156 1060 1180 897 1125 1283 1213
3511 2841 2571 3808 3024 2806 2983 3299 2733 3404 3123 3477 2644 3316 3779 3574
2738 2216 2006 2970 2359 2189 2327 2573 2132 2656 2436 2712 2063 2586 2948 2788
1941 1571 1422 2106 1672 1552 1650 1824 1512 1883 1727 1923 1462 1834 2090 1977
4224 3418 3094 4582 3638 3377 3589 3970 3289 4096 3757 4184 3182 3989 4547 4301
4193 3392 3071 4547 3611 3352 3563 3940 3264 4066 3729 4153 3158 3960 4513 4269
3496 2829 2560 3792 3011 2794 2970 3285 2722 3390 3109 3462 2633 3302 3763 3559
2263 1831 1657 2454 1949 1809 1923 2126 1762 2194 2013 2241 1704 2137 2436 2304
1717 1390 1258 1863 1479 1373 1459 1614 1337 1665 1528 1701 1293 1622 1849 1749
856 692 627 928 737 684 727 804 666 830 761 847 644 808 921 871
5145 4163 3768 5580 4431 4113 4372 4835 4006 4989 4576 5096 3875 4859 5538 5238
1474 1193 1080 1599 1270 1179 1253 1386 1148 1430 1311 1460 1110 1392 1587 1501
3982 3222 2916 4319 3430 3183 3383 3742 3100 3861 3542 3944 2999 3761 4286 4054
5676 4593 4157 6156 4889 4537 4823 5334 4419 5504 5048 5622 4275 5361 6109 5779
4742 3837 3473 5143 4084 3791 4029 4456 3692 4598 4218 4697 3572 4479 5104 4828
4903 3967 3591 5318 4223 3919 4166 4607 3817 4755 4361 4856 3693 4631 5277 4992
3346 2708 2451 3629 2882 2675 2843 3145 2605 3245 2976 3314 2520 3160 3602 3407
3090 2500 2263 3351 2661 2470 2626 2904 2406 2996 2748 3061 2327 2918 3326 3146
1235 999 904 1339 1063 987 1049 1160 961 1197 1098 1223 930 1166 1329 1257
3884 3142 2844 4212 3345 3105 3300 3650 3024 3766 3454 3847 2925 3668 4180 3954
1046 846 766 1134 901 836 889 983 814 1014 930 1036 788 988 1126 1065
4645 3758 3402 5038 4001 3713 3947 4365 3617 4504 4131 4601 3498 4387 5000 4729
2789 2256 2042 3025 2402 2229 2370 2621 2171 2704 2480 2762 2100 2634 3002 2839
5128 4149 3756 5562 4417 4099 4358 4819 3993 4973 4561 5079 3862 4843 5520 5221
2101 1700 1539 2279 1810 1680 1785 1974 1636 2037 1869 2081 1582 1984 2261 2139
4253 3441 3115 4613 3663 3400 3614 3996 3311 4124 3783 4212 3203 4016 4577 4330
2279 1844 1669 2472 1963 1822 1937 2142 1775 2210 2027 2257 1717 2153 2453 2321
5023 4064 3679 5448 4326 4015 4268 4720 3911 4871 4467 4975 3783 4744 5406 5114
0 7 5 3 4 3
2 0 3 3 5 6
6 4 0 2 4 4
5 7 4 0 2 4
2 2 2 4 0 5
3 4 4 7 3 0
0 2 2 2 4 7
7 0 6 3 5 7
2 4 0 5 6 5
2 5 5 0 7 4
2 6 5 4 0 6
7 3 2 7 3 0
0 4 5 7 7 3 7 6 2 5
3 0 2 5 6 2 7 2 2 2
5 4 0 5 4 5 5 3 5 6
6 3 2 0 5 2 6 2 5 3
2 6 4 6 0 4 6 3 2 2
2 4 4 7 7 0 3 7 5 3
6 2 6 5 3 2 0 5 7 2
2 5 7 4 2 2 3 0 5 6
6 4 3 2 7 7 4 7 0 7
3 6 4 4 2 4 7 5 5 0
0 4 2 7 7 4 5 4 6
4 0 2 5 7 7 4 4 7
7 3 0 6 6 3 2 4 3
2 2 6 0 6 4 2 5 3
5 3 7 5 0 7 4 3 5
6 4 5 6 7 0 6 6 6
3 3 7 7 7 4 0 2 6
3 7 7 2 6 3 2 0 4
5 7 7 5 4 2 7 4 0
0 6 6 3 6 7 2 6
5 0 2 5 4 6 3 6
6 7 0 4 7 5 6 6
6 5 3 0 7 2 5 3
4 4 4 3 0 5 7 7
7 3 7 7 3 0 4 6
6 3 5 6 7 2 0 4
7 6 6 6 6 3 7 0
0 2
3 0
0 6 3 5 5 5 7 4 4 5 7
5 0 5 7 6 7 3 2 6 5 2
2 5 0 7 3 2 6 2 7 4 3
4 4 5 0 5 7 5 6 5 7 4
4 5 3 3 0 5 7 2 2 5 2
4 5 5 5 4 0 3 5 3 4 7
3 2 2 7 2 4 0 4 2 5 2
7 7 4 4 5 4 6 0 4 4 7
3 5 5 2 3 6 4 4 0 5 5
6 3 2 4 6 3 6 3 5 0 3
4 5 3 5 7 4 4 5 2 3 0
0.1551 0.3804 0.2536 0.1155 0.1359 0.1160 0.2712 0.3037 0.4216 0.2042 0.1234 0.1974 0.3485 0.2231 0.2840 0.3328 0.1049 0.3178 0.4149 0.4197 0.1551 0.3795 0.1876 0.3725 0.1648 0.2549 0.3812 0.1634
1.8983 4.6196 3.3437 1.6444 1.8213 1.1972 3.6143 3.0654 6.0937 2.7170 1.7509 2.9347 4.3170 3.0952 3.0284 3.8917 1.0643 4.2144 4.5546 5.2391 1.6913 4.7857 2.3941 5.3620 2.0947 3.2825 4.3524 1.8115
0.0079 0.0091 0.0190 0.0127 0.0100 0.0062
0.0065 0.0183 0.0245 0.0077 0.0062 0.0151
0.0274 0.0100 0.0136 0.0224 0.0276 0.0179 0.0101 0.0092 0.0274 0.0224
0.0160 0.0266 0.0068 0.0169 0.0111 0.0076 0.0135 0.0231 0.0247
0.0233 0.0188 0.0129 0.0185 0.0259 0.0066 0.0126 0.0203
0.0097 0.0070
0.0094 0.0121 0.0217 0.0138 0.0198 0.0198 0.0191 0.0234 0.0078 0.0221 0.0227
0 720 1414 764 752 555
342 0 670 489 1236 1766
1734 792 0 401 817 1125
1255 969 865 0 168 450
393 181 589 815 0 762
484 688 1056 1373 751 0
0 527 439 328 879 1922
973 0 562 326 692 929
193 534 0 490 1529 430
306 699 442 0 720 917
534 1076 829 975 0 1151
1350 506 591 1070 539 0
0 561 586 1094 511 268 1087 1145 386 1115
617 0 588 603 1240 145 1255 145 185 170
870 663 0 824 327 733 1305 366 404 1702
1336 378 415 0 1320 318 525 468 711 528
221 1442 604 1284 0 288 1024 262 551 434
153 1137 1169 1720 1175 0 349 969 625 483
1027 189 1344 808 590 434 0 1445 791 163
534 759 723 1110 249 444 678 0 957 880
1243 607 764 297 1178 1996 798 1602 0 1471
634 1336 923 784 429 923 1585 442 961 0
0 613 355 888 2070 725 897 1087 614
1169 0 328 1204 1508 1306 388 423 579
841 705 0 1376 481 823 343 1071 629
460 405 1414 0 779 965 413 1488 509
1096 336 1074 442 0 1154 1038 694 678
1636 756 644 1494 878 0 603 883 935
340 617 1457 1478 1851 875 0 537 608
334 1353 2057 544 1549 529 560 0 723
954 1161 1148 1000 929 173 1336 794 0
0 1111 1116 444 1558 868 380 1601
560 0 275 966 809 438 305 1760
842 1003 0 954 2020 827 1466 753
505 1192 704 0 1218 465 1377 530
1000 556 548 266 0 1012 1218 1090
888 567 1868 511 835 0 475 1624
1174 391 1125 1676 690 576 0 1065
575 1266 986 1717 1272 727 1949 0
0 291
559 0
0 1757 859 418 1462 839 1387 675 707 1240 1942
798 0 697 579 683 1568 696 413 1529 1010 565
456 1310 0 744 796 519 1408 554 1326 786 734
1071 986 1365 0 1301 784 904 932 526 952 696
452 642 714 678 0 1301 733 172 313 695 303
540 820 1183 360 527 0 855 1029 634 650 858
763 263 192 1922 158 1063 0 825 242 1358 245
1188 1218 1019 948 1430 950 533 0 927 309 1289
601 620 1019 313 343 507 848 415 0 1272 776
1139 694 444 673 530 558 1027 714 747 0 380
579 1101 702 983 1545 865 902 954 337 546 0
