28 16 112 7
134242
11 21 22 25 4 26 20 18 13 24
12 8 15 9 24 5 3 23 28 14
19 21 4 16 20 15 1 25 17 5 3
21 15 5 17 20 7
20 12 26 6 13 19
17 23 5 3 2 16 6 11 19 10 28
16 25 1 26 7
2878 2198 1553 1606 1887 2712 1203 1951 8000 2667
2235 2878 1890 3478 1533 1600 1808 1990 1762 1275
1476 1416 1296 2353 2336 6897 1914 1481 1860 1869 2883
2013 1481 2376 1277 886 1231
3168 2083 3361 927 3636 1558
5063 988 5714 2837 1579 2017 4211 3107 1920 2500 1600
1653 1270 3288 1778 3596
160 160 160 160 160 160 160 160 160 160 160 160 160 160 160 160
160 160 160 160 160 160 160 160 160 160 160 160 160 160 160 160
160 160 160 160 160 160 160 160 160 160 160 160 160 160 160 160
160 160 160 160 160 160 160 160 160 160 160 160 160 160 160 160
160 160 160 160 160 160 160 160 160 160 160 160 160 160 160 160
160 160 160 160 160 160 160 160 160 160 160 160 160 160 160 160
160 160 160 160 160 160 160 160 160 160 160 160 160 160 160 160
0.0139 0.0182 0.0206 0.0249 0.0212 0.0118 0.0266 0.0123 0.0050 0.0150
0.0179 0.0139 0.0127 0.0115 0.0261 0.0200 0.0177 0.0201 0.0227 0.0251
0.0271 0.0226 0.0247 0.0170 0.0137 0.0058 0.0209 0.0270 0.0129 0.0214 0.0111
0.0159 0.0162 0.0101 0.0188 0.0271 0.0195
0.0101 0.0192 0.0119 0.0259 0.0088 0.0154
0.0079 0.0243 0.0056 0.0141 0.0152 0.0119 0.0057 0.0103 0.0125 0.0160 0.0150
0.0242 0.0189 0.0073 0.0180 0.0089
0 184 5480 8614 2868 2648 7081 7076 8540 6525 5372 8472 7885 3498 1966 9066 2649 3667 2945 1986 1055 6757 6339 9335 4161 4847 3369 1858
1481 0 0 0 0 0 0 0 0 0 0 0 0 0 0 0 0 0 0 0 0 0 0 0 0 0 0 0
656 699 962 735 677 878 650 811 832 949 686 804 641 897 916 840
2182 2326 3198 2445 2253 2919 2163 2699 2766 3155 2283 2672 2133 2982 3047 2794
4456 4750 6530 4992 4600 5962 4417 5511 5649 6442 4662 5457 4356 6090 6222 5707
2665 2841 3906 2985 2751 3565 2642 3296 3378 3853 2788 3264 2605 3642 3721 3413
4016 4281 5885 4498 4145 5372 3980 4966 5090 5805 4201 4917 3926 5488 5607 5142
1362 1452 1996 1525 1406 1822 1350 1684 1726 1969 1425 1668 1331 1861 1901 1744
641 683 939 718 661 857 635 792 812 926 670 785 626 876 895 820
4094 4364 5999 4586 4226 5477 4058 5063 5189 5918 4283 5013 4002 5595 5716 5242
2164 2307 3171 2424 2234 2895 2145 2676 2743 3128 2264 2650 2115 2957 3021 2771
4361 4649 6391 4885 4502 5835 4323 5393 5528 6305 4562 5340 4264 5960 6089 5585
2440 2601 3576 2734 2519 3265 2419 3018 3094 3528 2553 2988 2386 3335 3407 3125
1299 1385 1904 1456 1341 1738 1288 1607 1647 1878 1359 1591 1270 1776 1814 1664
722 770 1058 809 745 966 716 893 915 1044 755 884 706 987 1008 925
3471 3700 5087 3888 3583 4644 3440 4293 4400 5018 3631 4251 3393 4744 4847 4445
3814 4066 5590 4273 3937 5103 3781 4717 4835 5514 3990 4671 3729 5213 5326 4885
907 966 1329 1016 936 1213 899 1121 1149 1311 948 1110 886 1239 1266 1161
4739 5051 6944 5308 4891 6340 4697 5860 6007 6850 4957 5803 4633 6476 6616 6068
666 710 976 746 687 891 660 824 844 963 697 815 651 910 930 853
562 599 823 629 580 751 557 694 712 812 587 688 549 767 784 719
338 360 495 379 349 452 335 418 428 488 353 414 330 462 472 433
1627 1734 2384 1822 1679 2176 1612 2012 2062 2352 1702 1992 1590 2223 2271 2083
3771 4020 5527 4225 3893 5046 3738 4664 4781 5452 3945 4618 3687 5154 5266 4830
5221 5566 7651 5849 5389 6985 5175 6457 6618 7548 5462 6393 5104 7135 7290 6686
1521 1621 2228 1703 1570 2034 1507 1880 1927 2198 1591 1862 1487 2078 2123 1947
4802 5119 7037 5379 4957 6424 4759 5938 6087 6942 5024 5880 4694 6562 6705 6149
696 742 1020 780 719 931 690 861 882 1006 728 852 681 951 972 892
1208 1287 1770 1353 1247 1616 1197 1493 1531 1746 1263 1479 1181 1650 1686 1546
3396 3620 4977 3805 3506 4544 3366 4200 4305 4910 3553 4159 3320 4641 4742 4349
0 3 7 3 7 3 4 6 6 7
3 0 4 6 2 4 5 6 3 7
4 6 0 3 2 5 6 2 7 4
2 6 2 0 3 2 3 4 6 3
3 3 3 4 0 2 5 5 7 6
6 7 4 6 2 0 7 2 2 5
7 5 7 6 2 3 0 5 3 3
6 3 4 5 2 7 5 0 4 7
4 6 7 6 5 3 3 6 0 3
4 4 6 4 7 5 4 2 7 0
0 2 5 2 3 7 3 3 7 3
6 0 3 7 5 7 6 4 7 3
4 4 0 3 7 5 7 5 3 7
4 7 6 0 5 5 6 5 3 3
6 6 5 2 0 7 5 6 6 6
7 6 5 7 2 0 6 7 6 7
2 2 3 2 5 5 0 7 4 6
2 2 3 3 5 6 5 0 4 4
6 4 2 5 2 4 3 7 0 7
3 4 2 6 7 4 2 7 5 0
0 5 4 4 7 5 6 7 6 4 4
7 0 2 7 3 6 6 2 2 2 6
2 5 0 2 3 4 7 7 4 2 5
5 4 5 0 3 6 6 3 7 2 4
6 6 4 7 0 4 2 7 2 2 5
3 6 2 4 4 0 5 2 2 2 5
5 2 6 5 3 6 0 2 7 6 4
3 7 7 6 6 4 4 0 3 6 4
5 6 7 2 2 6 6 4 0 7 7
2 3 3 4 5 5 3 7 6 0 2
7 4 5 5 3 4 7 6 5 3 0
0 3 6 3 4 2
4 0 3 3 3 5
7 2 0 4 4 3
3 3 7 0 7 5
3 3 3 3 0 3
6 3 2 3 5 0
0 4 6 3 7 4
4 0 6 3 4 5
4 2 0 7 3 6
3 2 6 0 5 5
7 4 3 7 0 5
3 6 4 6 3 0
0 5 6 4 5 5 6 5 5 3 3
6 0 3 5 2 4 6 6 2 6 2
7 2 0 3 4 5 6 4 7 3 7
2 5 2 0 7 5 6 3 5 5 5
2 3 7 7 0 4 2 6 5 4 4
2 4 7 4 2 0 4 2 2 7 5
2 6 4 4 7 2 0 3 6 2 7
4 3 3 5 3 7 3 0 5 7 7
5 3 6 7 3 4 5 5 0 2 7
6 7 7 7 7 5 5 4 4 0 4
3 6 5 4 3 3 4 2 5 2 0
0 7 7 5 7
3 0 3 7 7
7 3 0 2 6
4 5 3 0 3
4 6 3 5 0
0.1361 0.1669 0.3602 0.1170 0.3387 0.2474 0.2314 0.1215 0.2291 0.3013 0.2542 0.1768 0.2044 0.2051 0.1949 0.1030 0.4210 0.4316 0.3848 0.3745 0.0903 0.1280 0.2492 0.3134 0.3621 0.2029 0.3186 0.3382
1.8138 2.0243 3.9804 1.3416 4.5251 3.3860 2.4908 1.5525 2.7379 3.4767 3.7617 2.6021 2.1254 2.8981 2.2208 1.5314 4.7962 5.4074 4.4260 4.3137 1.0808 1.5592 2.8553 4.3665 3.6723 2.3138 3.8555 4.0215
0.0165 0.0148 0.0182 0.0267 0.0234 0.0103 0.0240 0.0136 0.0053 0.0169
0.0149 0.0127 0.0123 0.0112 0.0305 0.0187 0.0143 0.0219 0.0233 0.0254
0.0325 0.0252 0.0295 0.0157 0.0150 0.0059 0.0218 0.0247 0.0113 0.0185 0.0132
0.0152 0.0161 0.0090 0.0184 0.0305 0.0184
0.0112 0.0215 0.0117 0.0271 0.0100 0.0154
0.0094 0.0242 0.0056 0.0143 0.0182 0.0119 0.0059 0.0095 0.0112 0.0153 0.0169
0.0269 0.0217 0.0080 0.0158 0.0098
0 59 175 131 315 38 65 147 142 105
103 0 101 94 70 103 157 255 137 121
101 126 0 116 87 75 231 88 86 125
28 151 39 0 57 55 143 153 183 141
139 64 125 101 0 49 226 126 207 154
222 209 87 221 88 0 132 25 31 198
321 243 110 196 83 84 0 207 41 108
121 107 197 129 33 227 137 0 74 216
173 98 179 231 164 52 68 100 0 90
198 82 127 167 207 92 197 97 154 0
0 75 122 65 124 240 97 121 327 131
146 0 130 339 226 322 284 71 309 107
194 153 0 88 217 172 297 136 109 305
183 88 256 0 111 116 155 221 44 140
206 153 187 93 0 266 171 113 204 267
172 286 133 145 27 0 80 284 116 238
54 24 87 60 116 231 0 323 194 272
24 52 83 129 72 207 232 0 175 117
76 92 56 109 68 102 90 294 0 142
104 104 96 167 214 53 51 98 145 0
0 97 150 77 105 120 104 90 242 67 57
88 0 43 155 38 165 98 34 90 67 98
92 116 0 39 142 49 116 290 123 24 106
156 75 191 0 92 151 82 62 106 69 145
103 116 165 296 0 63 45 301 82 88 145
125 116 51 151 146 0 223 50 46 68 196
237 79 146 224 82 287 0 91 131 141 82
76 284 166 135 164 170 128 0 42 259 55
72 170 128 73 95 239 263 121 0 167 297
65 100 90 65 216 228 76 243 93 0 57
253 119 150 62 83 78 268 176 158 38 0
0 93 134 120 110 97
71 0 87 146 46 190
345 87 0 194 76 85
135 129 322 0 333 112
108 51 97 36 0 70
84 39 53 75 143 0
0 156 186 104 202 59
105 0 100 92 107 216
175 70 0 156 80 295
67 87 288 0 100 248
102 49 93 328 0 202
88 208 76 282 147 0
0 198 260 199 80 211 82 75 132 72 114
237 0 122 190 74 50 109 164 43 91 91
147 55 0 57 105 248 154 168 313 142 214
57 204 41 0 156 180 283 85 94 92 222
33 41 313 298 0 90 35 183 111 133 86
62 133 151 164 41 0 52 61 32 214 128
95 100 86 196 314 76 0 141 223 97 150
170 76 140 87 74 110 78 0 66 236 176
71 116 293 114 81 194 220 168 0 95 325
221 202 112 90 186 133 191 78 82 0 109
91 260 125 56 39 69 154 32 146 48 0
0 222 276 111 170
127 0 51 156 256
166 50 0 77 248
61 170 45 0 100
60 164 96 236 0
