28 16 112 7
140979
12 4
15 6 10 2 21
3 20 13 17 26 1
26 7 28 9
10 24 3 18 1
12 23 20 21 6 25 4
16 3 1 18 21 12 27 19 20 28 6
1171 4494
4000 1498 1008 1702 3441
3509 2807 2520 956 2963 2330
1808 2270 976 1649
1043 1270 2443 2139 3750
2602 3200 1658 1306 2927 1502 3000
1832 1493 7018 992 1111 4211 2526 870 1212 1422 1826
160 160 160 160 160 160 160 160 160 160 160 160 160 160 160 160
160 160 160 160 160 160 160 160 160 160 160 160 160 160 160 160
160 160 160 160 160 160 160 160 160 160 160 160 160 160 160 160
160 160 160 160 160 160 160 160 160 160 160 160 160 160 160 160
160 160 160 160 160 160 160 160 160 160 160 160 160 160 160 160
160 160 160 160 160 160 160 160 160 160 160 160 160 160 160 160
160 160 160 160 160 160 160 160 160 160 160 160 160 160 160 160
0.0205 0.0089
0.0060 0.0267 0.0238 0.0235 0.0093
0.0114 0.0114 0.0127 0.0251 0.0081 0.0103
0.0177 0.0141 0.0246 0.0194
0.0230 0.0189 0.0131 0.0187 0.0064
0.0123 0.0125 0.0193 0.0245 0.0082 0.0213 0.0080
0.0131 0.0268 0.0057 0.0242 0.0216 0.0095 0.0095 0.0276 0.0198 0.0225 0.0219
10988 10630 9112 1102 3317 1983 4268 4364 1919 9261 3514 1317 9858 5640 10442 4721 2189 2145 3939 10091 7036 4555 0 3137 2425 1841 2049 9135
0 0 0 0 0 0 0 0 0 0 0 0 0 0 0 0 0 0 0 0 0 0 1208 0 0 0 0 0
3941 4960 4767 4571 3515 4772 3588 4010 3533 4866 4810 5010 4697 3839 4408 4888
2146 2701 2596 2489 1914 2598 1954 2183 1924 2650 2619 2728 2558 2091 2400 2662
4586 5772 5547 5318 4090 5552 4175 4666 4111 5662 5597 5830 5466 4467 5129 5687
3780 4758 4573 4384 3371 4577 3441 3846 3389 4668 4614 4806 4506 3683 4228 4688
4068 5120 4921 4718 3628 4925 3703 4139 3647 5023 4965 5172 4849 3963 4550 5045
3260 4103 3943 3780 2907 3947 2967 3316 2922 4025 3979 4144 3885 3175 3645 4043
3980 5010 4815 4616 3550 4820 3624 4050 3568 4915 4859 5061 4744 3878 4452 4937
2537 3194 3069 2943 2263 3072 2310 2582 2275 3133 3097 3226 3024 2472 2838 3147
719 904 869 833 641 870 654 731 644 887 877 914 856 700 804 891
4055 5103 4905 4702 3616 4909 3691 4125 3635 5006 4949 5155 4833 3950 4535 5029
971 1222 1174 1126 866 1175 884 988 870 1199 1185 1234 1157 946 1086 1204
4371 5502 5288 5070 3899 5293 3980 4448 3919 5398 5336 5558 5210 4259 4889 5422
2117 2665 2561 2455 1888 2563 1927 2154 1898 2614 2584 2692 2523 2062 2368 2626
971 1222 1175 1126 866 1176 884 988 870 1199 1185 1234 1157 946 1086 1204
3778 4755 4570 4381 3369 4574 3439 3844 3387 4665 4611 4803 4503 3680 4225 4686
500 629 605 580 446 605 455 509 448 617 610 635 596 487 559 620
4225 5317 5111 4900 3768 5115 3846 4298 3787 5216 5157 5371 5035 4116 4725 5240
3073 3868 3717 3564 2740 3720 2797 3126 2755 3794 3751 3907 3662 2993 3437 3811
775 975 937 898 691 938 705 788 694 957 946 985 923 755 866 961
2820 3550 3412 3271 2515 3415 2567 2869 2528 3482 3442 3586 3361 2747 3154 3498
1809 2277 2189 2098 1613 2191 1647 1841 1622 2234 2208 2300 2156 1763 2023 2244
983 1237 1189 1140 877 1190 895 1000 881 1214 1200 1250 1171 957 1099 1219
3136 3947 3793 3637 2796 3797 2855 3190 2811 3872 3827 3987 3737 3055 3507 3889
4382 5515 5301 5082 3908 5305 3989 4458 3928 5410 5348 5571 5223 4269 4901 5435
3339 4203 4039 3872 2978 4043 3040 3397 2993 4123 4075 4245 3980 3253 3734 4141
4524 5695 5473 5247 4035 5478 4119 4603 4056 5586 5523 5752 5393 4408 5060 5611
3170 3990 3835 3677 2827 3838 2886 3226 2842 3914 3870 4031 3779 3088 3546 3932
597 752 722 693 533 723 544 608 535 737 729 759 712 582 668 741
0 7
5 0
0 7 7 5 5
6 0 7 4 6
4 5 0 7 2
4 4 5 0 5
4 7 7 3 0
0 5 3 6 4 3
3 0 6 7 6 2
2 6 0 4 5 4
6 4 6 0 3 6
6 3 4 7 0 3
2 3 3 4 2 0
0 2 3 6
6 0 2 5
6 7 0 6
5 5 7 0
0 4 7 2 3
3 0 6 2 5
2 2 0 4 2
6 7 2 0 2
4 5 6 5 0
0 7 2 6 7 7 6
2 0 6 5 6 4 5
4 6 0 3 6 3 4
4 5 4 0 5 6 3
7 7 2 2 0 6 2
4 2 7 3 5 0 6
5 4 6 6 7 5 0
0 4 4 7 7 5 5 7 7 3 5
3 0 4 6 3 5 2 2 2 7 4
2 7 0 6 7 5 7 2 7 4 2
7 6 6 0 4 2 2 3 6 6 5
6 3 2 5 0 4 3 4 5 6 7
7 6 4 3 2 0 6 3 4 6 7
2 6 4 3 5 3 0 5 7 7 6
5 7 5 7 5 7 7 0 5 5 7
7 6 2 2 2 6 7 4 0 6 2
4 7 4 7 3 3 3 7 3 0 6
7 5 7 3 4 6 2 5 4 3 0
0.2694 0.4234 0.3644 0.3395 0.2167 0.3975 0.2682 0.3503 0.4004 0.1611 0.2596 0.1778 0.3729 0.3486 0.2717 0.1685 0.3931 0.2548 0.3541 0.2191 0.4255 0.2437 0.2431 0.2645 0.2381 0.1549 0.3236 0.3007
2.6957 5.1330 4.6783 4.1333 2.5531 4.4103 3.2595 5.1026 5.0812 2.1261 2.8327 2.2448 4.0195 3.9687 3.4052 2.1883 4.3111 3.7965 5.0288 3.2506 5.0564 3.3019 2.8388 3.5502 3.1234 2.0396 3.7138 3.7554
0.0231 0.0105
0.0067 0.0262 0.0277 0.0225 0.0103
0.0136 0.0104 0.0142 0.0237 0.0067 0.0083
0.0152 0.0161 0.0282 0.0202
0.0261 0.0190 0.0138 0.0182 0.0073
0.0115 0.0102 0.0209 0.0199 0.0089 0.0225 0.0078
0.0118 0.0259 0.0048 0.0215 0.0223 0.0078 0.0104 0.0326 0.0235 0.0192 0.0186
0 1835
2081 0
0 3137 1926 1589 1288
1166 0 1883 1640 1422
756 1425 0 2817 368
1256 1347 598 0 914
1790 1659 1280 1333 0
0 1307 791 2204 463 1280
832 0 2401 1659 832 780
728 1427 0 1439 1322 1756
2131 1256 2099 0 1086 2245
997 1031 994 2438 0 1081
724 393 416 832 382 0
0 725 1168 873
2428 0 809 2226
2044 1318 0 1280
1139 1288 1200 0
0 1750 1323 829 560
743 0 2616 451 2290
588 455 0 1219 768
2589 2342 429 0 803
795 1036 992 1467 0
0 2919 370 1655 3105 1739 1385
663 0 2689 1398 2209 524 1581
634 1422 0 1301 2145 1347 524
728 1822 1390 0 606 1367 578
875 3276 542 899 0 1948 870
710 312 2977 1292 2172 0 846
2203 698 1729 1408 2417 1616 0
0 1241 1100 971 1478 2123 834 3223 3201 409 1745
725 0 838 1966 404 1955 914 561 317 2951 1439
236 2289 0 1376 2919 1932 3303 521 2188 1646 888
2684 1404 1418 0 1814 744 594 690 1637 914 1700
2008 553 757 1074 0 475 510 1137 2351 910 2230
1152 2172 655 551 465 0 1285 1026 1826 686 3196
431 2735 1585 1239 701 953 0 1467 2161 1451 1815
1867 1969 888 1622 1383 2721 2246 0 1890 1768 853
3036 759 332 372 251 713 2006 536 0 1605 719
893 2508 634 1915 1294 363 484 2449 928 0 1655
843 1349 2390 1415 1125 1308 250 1440 1561 1397 0
