28 16 112 7
120245
17 5 10 1 6 9 22 23 15 4
2 25 27 15 28 23 9
12 25 4 1
25 2
16 13 24 3 15 8 12 2
15 4 13 20 12 14 17 6 23 11 7
18 5 8 15
6349 2116 892 1988 2353 1000 1030 2062 1356 1176
1081 2941 1218 1967 1660 3556 1538
1231 1724 1556 1619
1695 3265
2116 2759 4082 1481 1275 2083 927 1111
3008 1939 4286 2540 3200 1171 1524 2182 1053 2462 2299
3738 1339 1932 1283
160 160 160 160 160 160 160 160 160 160 160 160 160 160 160 160
160 160 160 160 160 160 160 160 160 160 160 160 160 160 160 160
160 160 160 160 160 160 160 160 160 160 160 160 160 160 160 160
160 160 160 160 160 160 160 160 160 160 160 160 160 160 160 160
160 160 160 160 160 160 160 160 160 160 160 160 160 160 160 160
160 160 160 160 160 160 160 160 160 160 160 160 160 160 160 160
160 160 160 160 160 160 160 160 160 160 160 160 160 160 160 160
0.0063 0.0189 0.0269 0.0161 0.0102 0.0240 0.0233 0.0194 0.0236 0.0204
0.0222 0.0136 0.0197 0.0122 0.0241 0.0090 0.0260
0.0260 0.0232 0.0257 0.0247
0.0236 0.0098
0.0189 0.0116 0.0098 0.0162 0.0251 0.0192 0.0259 0.0216
0.0133 0.0165 0.0056 0.0126 0.0075 0.0205 0.0210 0.0110 0.0228 0.0130 0.0174
0.0107 0.0239 0.0207 0.0187
4838 1608 6974 6057 5699 5308 6925 6075 4895 1402 4433 1639 2864 1223 2941 7099 0 5976 5912 3459 3537 3703 6303 6239 3407 3419 2162 6149
0 0 0 0 0 0 0 0 0 0 0 0 0 0 0 0 1129 0 0 0 0 0 0 0 0 0 0 0
4731 4059 4306 3974 5184 4769 4483 4749 4015 4576 4762 4127 4659 4125 4482 4390
2991 2566 2722 2513 3277 3015 2834 3003 2539 2893 3010 2609 2945 2608 2833 2776
1380 1184 1256 1159 1512 1391 1308 1385 1171 1335 1389 1204 1359 1203 1307 1281
4101 3519 3732 3445 4493 4133 3886 4117 3480 3966 4127 3577 4038 3575 3885 3805
5673 4867 5163 4765 6215 5717 5375 5694 4814 5486 5709 4948 5586 4945 5373 5264
2720 2333 2475 2285 2980 2741 2577 2730 2308 2630 2737 2372 2678 2371 2576 2524
333 285 303 279 364 335 315 334 282 322 335 290 327 290 315 309
4825 4140 4392 4053 5287 4864 4573 4844 4095 4667 4856 4209 4751 4207 4571 4477
3033 2603 2761 2548 3324 3057 2874 3045 2574 2934 3053 2646 2987 2644 2873 2815
5373 4610 4890 4514 5887 5416 5092 5394 4560 5197 5408 4687 5291 4684 5090 4986
906 778 825 761 993 913 859 910 769 877 912 791 892 790 858 841
797 684 725 669 873 803 755 800 676 770 802 695 784 694 755 739
5724 4911 5209 4808 6271 5769 5424 5746 4857 5536 5760 4993 5636 4990 5422 5311
725 622 660 609 794 731 687 728 615 701 730 632 714 632 687 673
2679 2299 2439 2251 2936 2701 2539 2690 2274 2591 2697 2337 2638 2336 2538 2486
4269 3663 3885 3586 4677 4303 4045 4285 3623 4129 4296 3724 4203 3721 4044 3961
1525 1308 1388 1281 1671 1537 1445 1531 1294 1475 1535 1330 1502 1329 1445 1415
3636 3120 3309 3054 3984 3665 3446 3650 3086 3517 3660 3172 3580 3170 3444 3374
1364 1170 1241 1146 1495 1375 1293 1369 1158 1319 1373 1190 1343 1189 1292 1266
4641 3982 4223 3898 5085 4677 4397 4658 3938 4488 4670 4048 4569 4046 4396 4306
542 465 494 456 594 547 514 545 460 525 546 473 534 473 514 503
1239 1063 1128 1041 1358 1249 1174 1244 1052 1199 1247 1081 1220 1080 1174 1150
5127 4399 4666 4307 5617 5167 4858 5146 4351 4958 5160 4472 5048 4469 4856 4757
1511 1296 1375 1269 1655 1523 1432 1517 1282 1461 1521 1318 1488 1317 1431 1402
4745 4072 4319 3986 5199 4783 4497 4764 4027 4590 4776 4140 4673 4137 4495 4403
3014 2586 2743 2532 3302 3038 2856 3026 2558 2915 3033 2629 2968 2628 2855 2797
4431 3802 4033 3722 4855 4466 4199 4448 3760 4285 4459 3865 4363 3863 4197 4111
4101 3518 3732 3445 4493 4133 3886 4116 3480 3966 4127 3577 4038 3575 3884 3805
0 6 7 7 4 2 7 5 5 4
6 0 3 2 4 7 5 2 7 7
6 6 0 4 2 4 3 5 6 5
5 5 3 0 6 5 2 5 5 5
7 4 2 6 0 5 5 5 2 4
5 7 7 6 5 0 4 7 5 2
2 3 3 6 2 2 0 3 4 3
6 6 6 2 4 7 2 0 5 3
5 5 5 3 7 3 7 2 0 3
4 7 4 7 7 6 6 7 3 0
0 2 5 2 7 6 4
5 0 5 7 7 2 7
7 7 0 3 2 7 2
3 5 7 0 7 6 7
3 5 6 3 0 3 4
4 4 6 3 5 0 4
5 6 4 2 5 2 0
0 7 6 2
3 0 7 3
2 5 0 5
5 3 4 0
0 5
5 0
0 2 5 4 3 4 7 3
3 0 6 7 3 7 7 3
5 2 0 4 5 3 4 6
2 6 5 0 3 3 2 3
5 7 4 2 0 5 2 5
7 3 5 4 6 0 3 5
3 5 2 5 2 6 0 7
5 7 7 3 2 5 3 0
0 2 2 2 2 7 4 5 6 2 6
3 0 6 4 2 2 4 2 7 6 6
6 5 0 4 6 3 4 5 4 2 6
6 6 4 0 6 4 5 6 4 5 3
7 3 7 3 0 2 3 4 6 3 5
7 2 4 7 2 0 5 3 6 7 4
7 4 3 7 6 3 0 3 7 4 7
6 2 2 3 6 6 6 0 2 2 5
7 2 5 6 7 3 6 2 0 4 6
5 5 5 5 2 4 7 6 3 0 3
7 6 2 6 5 2 4 6 5 3 0
0 6 7 4
4 0 6 2
2 5 0 3
4 2 2 0
0.2931 0.3451 0.2826 0.0926 0.4106 0.4208 0.2226 0.1288 0.4314 0.1783 0.2079 0.1209 0.3023 0.1780 0.3869 0.3571 0.1219 0.3821 0.1004 0.1345 0.2656 0.2045 0.1971 0.0876 0.1678 0.2470 0.0987 0.3170
3.9060 4.9795 2.8853 1.2720 5.1634 6.2973 3.3199 1.3206 5.9213 2.1309 2.4462 1.7322 3.3240 2.6214 5.2806 5.3007 1.5359 4.4157 1.0321 1.4315 3.2002 2.2402 2.5119 0.9096 2.4965 3.0473 1.2568 3.5228
0.0060 0.0205 0.0239 0.0143 0.0087 0.0257 0.0191 0.0232 0.0231 0.0169
0.0230 0.0117 0.0202 0.0120 0.0224 0.0101 0.0284
0.0255 0.0257 0.0217 0.0209
0.0255 0.0082
0.0201 0.0108 0.0116 0.0176 0.0210 0.0174 0.0230 0.0214
0.0148 0.0149 0.0053 0.0138 0.0081 0.0237 0.0209 0.0127 0.0247 0.0125 0.0208
0.0100 0.0269 0.0233 0.0181
0 238 109 272 74 31 154 151 146 171
220 0 112 42 163 137 214 62 294 110
277 255 0 128 83 185 130 178 105 218
71 89 75 0 267 103 31 88 236 65
261 135 78 220 0 139 147 128 57 61
141 284 244 115 208 0 170 237 166 52
34 112 139 114 40 42 0 96 82 63
241 232 191 76 183 119 34 0 71 72
105 124 227 109 127 37 231 42 0 141
157 297 166 251 166 270 168 130 138 0
0 28 139 54 101 159 67
173 0 128 295 191 74 266
90 95 0 101 52 301 54
64 231 265 0 148 87 291
80 88 252 51 0 103 105
71 112 195 99 180 0 104
218 269 113 55 120 45 0
0 277 180 90
109 0 149 35
36 176 0 124
131 103 179 0
0 88
128 0
0 41 65 98 97 47 222 43
120 0 170 264 55 274 199 86
59 62 0 139 176 74 143 259
84 116 142 0 109 129 24 126
224 257 129 81 0 170 50 145
198 39 210 140 148 0 71 225
107 236 30 230 58 165 0 216
75 154 223 84 35 144 54 0
0 91 75 52 53 238 144 195 125 55 269
100 0 245 164 80 53 48 81 89 106 213
97 169 0 70 210 35 174 173 75 37 225
244 146 146 0 97 138 165 159 88 180 37
287 96 256 59 0 37 61 134 143 101 169
195 49 101 157 66 0 213 48 244 160 77
273 150 42 314 165 72 0 120 174 107 82
94 45 28 38 233 158 96 0 56 62 60
100 36 207 270 153 57 240 29 0 172 193
156 236 172 71 31 166 198 87 91 0 94
202 93 52 281 77 47 130 86 233 66 0
0 235 244 109
152 0 126 85
24 175 0 86
81 62 44 0
