8 16 112 2
11294
1 2 4 5 6 8  
1 2 3 4 5 6 7 8
750 1800 5333 2462 533 3111  
2286 1800 2783 3200 828 1436 3600 1667
160 160 160 160 160 160 160 160 160 160 160 160 160 160 160 160
160 160 160 160 160 160 160 160 160 160 160 160 160 160 160 160
0.0320 0.0400 0.0120 0.0260 0.0300 0.0180  
0.0210 0.0400 0.0230 0.0200 0.0290 0.0390 0.0200 0.0240
734 961 2264 725 3677 636 0 179
0 0 0 0 0 0 396 0
636 693 800 689 690 682 673 717 667 730 689 707 729 739 691 603
871 1019 957 1033 982 823 898 901 1117 817 839 1130 1062 1081 1115 924
810 840 772 731 724 652 762 848 694 725 785 745 833 633 705 690
2156 1830 1815 1771 2415 2155 2097 2376 2386 1800 1965 1815 2448 2220 2215 2313
2236 2026 2543 2032 1871 2091 1946 2651 2410 2085 2344 2127 2280 2647 2619 2113
1495 1269 1383 1468 1502 1155 1505 1366 1491 1392 1510 1471 1243 1215 1401 1311
1424 1364 1440 1185 1249 1517 1292 1549 1196 1198 1192 1391 1157 1117 1318 1565
1579 1291 1754 1429 1646 1244 1335 1647 1651 1490 1546 1776 1616 1762 1702 1400
0 4 5 2 5 2
6 0 2 5 5 3
5 2 0 6 5 5
3 4 6 0 6 6
2 5 4 5 0 6
4 4 2 6 5 0
0 4 2 4 4 4 6 3
6 0 5 2 6 3 4 6
5 6 0 2 4 3 6 3
5 4 6 0 6 4 4 5
4 6 4 6 0 5 2 4
6 6 2 3 5 0 2 4
3 4 2 5 5 6 0 2
4 3 5 2 3 3 4 0
0.292 0.422 0.27 0.292 0.357 0.27 0.476 0.444
3.422 5.661 3.412 3.714 5.005 3.872 5.72 4.486
0.012 0.004 0 0 0 0  
0 0 0 0.008 0.011 0.007 0 0.007
0 392 485 186 400 170
498 0 194 460 425 279
485 164 0 570 430 465
249 384 504 0 546 558
160 480 320 430 0 480
320 332 196 540 470 0
0 372 168 400 360 388 528 255
564 0 470 182 588 258 348 600
500 522 0 200 340 258 552 291
445 332 594 0 600 364 360 410
332 492 348 486 0 500 166 368
510 516 178 273 425 0 174 396
261 360 172 490 455 540 0 186
388 273 410 170 288 279 372 0