8 16 112 2
11700
2 5 6 7 8 
1 2 3 4 6 7 8 
2057 632 1000 2000 1391 
205 4667 3556 4267 632 4571 1333
160 160 160 160 160 160 160 160 160 160 160 160 160 160 160 160
160 160 160 160 160 160 160 160 160 160 160 160 160 160 160 160
0.0350 0.0380 0.0400 0.0200 0.0230 
0.0390 0.0120 0.0180 0.0150 0.0380 0.0140 0.0360 
0 1828 2585 2251 1504 0 1066 2462
481 0 0 0 0 132 0 0
1444 1414 1617 1210 1584 1705 1483 1511 1380 1550 1420 1537 1341 1692 1239 1543
1914 1699 1971 1949 1675 1712 2294 1898 1764 2210 2094 2365 2018 1934 2098 1687
448 536 432 428 404 539 475 398 539 413 504 442 385 430 482 443
1205 1052 873 1041 887 1018 861 1104 910 1206 993 842 1052 1066 1071 892
471 451 353 470 391 388 473 440 418 408 420 462 368 413 400 411
2250 2246 1841 2452 2550 2077 2483 2268 2256 2180 2021 1890 2220 2075 2401 2356
1373 1658 1823 1837 1575 1637 1492 1764 1462 1818 1702 1763 1559 1833 1655 1636
2128 2080 1766 1889 2070 2058 1883 1753 1815 1760 1720 1856 1906 2089 2116 1565
0 3 4 5 4
2 0 2 5 5
6 4 0 4 5
3 3 2 0 4
6 6 6 2 0
0 4 6 3 6 2 2
6 0 5 5 6 3 6
2 5 0 3 4 3 6
4 4 2 0 2 2 3
4 2 3 2 0 6 4
2 3 6 3 3 0 6
3 5 5 2 4 6 0
0.4 0.52 0.379 0.357 0.455 0.498 0.346 0.4
4.93 6.968 4.701 5.255 6.37 7.126 5.096 4.769
0.021 0 0 0.002 0 
0 0 0 0 0.001 0 0.015
0 288 376 495 336 
176 0 170 400 440 
480 372 0 340 405 
255 261 178 0 388 
504 504 546 176 0
0 320 492 300 522 184 168 
528 0 465 400 510 249 594 
188 490 0 252 368 246 558 
372 324 190 0 170 184 276 
396 194 261 196 0 492 380 
176 240 486 246 297 0 576 
273 420 420 182 376 504 0 
