12 16 112 3
18328
01 02 05 06 11 12
01 03 04 06 07 08 09 10
01 04 07 08 10
2667 1200 923 1500 3200 1714
632 1333 1882 909 1379 889 970 1143
1143 800 686 3000 1053
160 160 160 160 160 160 160 160 160 160 160 160 160 160 160 160
160 160 160 160 160 160 160 160 160 160 160 160 160 160 160 160
160 160 160 160 160 160 160 160 160 160 160 160 160 160 160 160
0.015 0.02 0.026 0.016 0.015 0.028
0.038 0.018 0.017 0.044 0.029 0.027 0.033 0.021
0.035 0.03 0.035 0.016 0.038
0 2479 370 2823 2410 1097 794 0 1537 2643 3715 372
347 0 0 0 0 0 0 138 0 0 0 0
2953 3092 2643 2627 3137 2730 2802 2807 2620 2713 2877 2869 3143 3002 2774 3089
1435 1454 1327 1270 1464 1484 1446 1500 1321 1307 1546 1334 1392 1343 1359 1369
331 284 330 333 324 274 330 327 278 307 318 324 303 276 286 289
1362 1676 1645 1507 1369 1370 1535 1377 1491 1487 1509 1586 1466 1385 1629 1502
1578 1600 1589 1393 1506 1613 1462 1337 1349 1336 1407 1320 1310 1490 1386 1321
1506 1683 1596 1833 1573 1511 1707 1670 1802 1614 1550 1747 1510 1769 1510 1502
2228 2224 2144 2444 2379 2441 2222 2290 2460 2267 2137 2314 2251 2151 2459 2466
1682 1628 1759 1465 1598 1558 1507 1615 1629 1703 1571 1772 1578 1475 1467 1685
982 1130 964 1102 950 1088 942 946 1005 1039 1032 1119 1144 1111 966 966
1734 1849 1667 1754 1891 1855 1947 1724 1894 1971 1837 1830 2032 1948 1944 1942
616 624 717 675 608 749 659 674 706 705 705 653 616 650 744 665
1092 1268 1109 1135 1128 1104 1168 1286 1137 1165 1129 1191 1319 1268 1174 1298
0 6 7 6 6 8
7 0 9 7 8 8
9 8 0 6 6 5
5 7 9 0 5 8
5 8 6 6 0 5
7 6 8 6 8 0
0 5 5 6 5 5 9 8
8 0 5 9 9 7 7 7
7 6 0 6 7 7 9 9
6 6 7 0 6 6 5 8
5 9 6 9 0 8 8 8
5 6 7 8 6 0 7 7
6 7 8 8 7 6 0 7
8 8 5 6 8 8 5 0
0 9 8 6 9
7 0 5 5 9
9 5 0 9 5
9 6 5 0 8
7 9 6 5 0
0.238333 0.335833 0.346667 0.335833 0.2925 0.216667 0.368333 0.303333 0.335833 0.249167 0.26 0.26
2.860 4.870 4.299 3.829 3.481 2.405 3.757 4.368 4.232 3.214 2.808 3.146
0 0 0 0 0 0
0.0292 0 0 0.03648 0 0.01429 0 0
0.0238 0.01117 0.00874 0 0.0226
0 120 199 103 91 149
141 0 160 192 224 210
177 221 0 138 161 90
94 158 162 0 102 153
99 124 167 150 0 79
114 88 209 148 185 0
0 97 133 102 88 141 154 179
164 0 120 241 250 133 125 111
132 144 0 154 192 194 160 172
111 89 183 0 106 139 114 169
91 214 125 174 0 176 190 132
103 86 102 161 159 0 105 109
102 152 124 186 110 151 0 125
146 115 87 93 168 165 112 0
0 165 206 163 137
112 0 78 96 167
205 85 0 136 75
237 147 128 0 126
104 208 93 98 0
