12 16 112 3
19449
03 04 07 10 11
01 07 08 09 11 12
01 02 03 05 06 08 10 11 12
750 1000 800 1655 1200
1263 1043 2667 653 1714 2000
1212 2133 889 1500 800 889 1021 800 980
160 160 160 160 160 160 160 160 160 160 160 160 160 160 160 160
160 160 160 160 160 160 160 160 160 160 160 160 160 160 160 160
160 160 160 160 160 160 160 160 160 160 160 160 160 160 160 160
0.032 0.048 0.04 0.029 0.02
0.019 0.023 0.018 0.049 0.028 0.012
0.033 0.015 0.027 0.016 0.03 0.027 0.047 0.04 0.049
2139 0 3054 1716 2338 1925 852 3030 808 1385 1939 256
0 160 0 0 0 0 0 0 0 0 0 0
2456 2441 2301 2002 2156 2080 2464 2386 2114 1988 2105 2274 2143 2351 2292 2407
757 831 795 735 785 740 737 800 815 692 750 788 816 755 761 689
1625 1724 1722 1991 1780 1835 1688 1944 1624 1741 1701 1938 1622 1731 1739 1789
267 283 247 266 276 289 248 259 278 247 242 260 287 277 277 284
706 684 810 760 758 779 687 763 784 804 834 807 694 735 706 685
950 931 874 821 822 893 932 876 1000 835 921 1011 928 921 944 971
1769 1709 1774 1641 1778 1907 1726 1787 1876 1858 1661 1577 1601 1598 1914 1851
2356 2327 2483 2214 2476 2659 2720 2738 2444 2276 2539 2265 2409 2710 2669 2575
907 940 956 962 1115 1015 1090 940 913 1104 1055 1038 1028 911 1069 907
1811 1769 1671 1988 1755 1716 2032 1856 1886 1693 1912 1945 1969 2067 1893 2000
3024 2898 2959 2583 2607 2794 3098 3037 2588 3023 2543 2684 3092 2990 2548 3066
1452 1298 1348 1420 1433 1498 1425 1226 1518 1230 1438 1408 1447 1485 1257 1250
0 5 7 8 5
8 0 6 5 6
7 6 0 6 9
6 9 8 0 5
7 7 7 5 0
0 7 5 9 9 8
7 0 5 9 9 5
8 5 0 5 9 9
9 7 8 0 6 6
9 9 6 5 0 7
9 8 9 5 8 0
0 6 6 9 9 5 8 6 6
7 0 9 9 5 7 7 8 5
5 7 0 9 7 6 8 5 5
9 7 6 0 5 5 5 8 6
5 8 6 6 0 5 8 6 5
6 7 6 9 6 0 8 9 7
9 8 7 8 5 9 0 5 5
7 5 8 5 8 8 9 0 6
9 8 8 6 5 9 8 9 0
0.238333 0.2925 0.368333 0.238333 0.238333 0.303333 0.281667 0.249167 0.26 0.368333 0.26 0.3575
3.194 3.247 5.083 2.622 2.741 4.034 3.493 3.414 2.834 4.531 2.782 5.220
0.006 0 0.00945 0 0
0 0 0 0 0.00948 0
0.01899 0 0 0 0 0.00585 0.02422 0.0312 0.03514
0 77 157 147 128
177 0 149 118 159
125 119 0 150 159
118 133 219 0 91
121 127 139 92 0
0 146 83 249 203 212
158 0 141 140 230 138
115 134 0 82 150 140
192 107 144 0 96 102
146 140 159 104 0 141
150 155 129 102 217 0
0 90 87 128 183 130 180 150 136
110 0 129 174 92 189 109 214 86
93 108 0 183 192 108 116 125 142
209 184 146 0 132 131 80 211 125
85 150 150 121 0 95 195 113 105
121 200 90 198 92 0 197 165 176
237 180 126 205 124 246 0 132 86
126 83 218 80 186 176 240 0 110
219 208 224 95 142 201 166 218 0
