16 16 112 4
40531
01 03 05 11 12 13 15 16
01 07 08 09 10 11 14
02 05 06 08 11 14 16
03 04 11 13
2857 3556 4000 2667 4571 5333 2667 3200
2286 3692 4364 2000 2286 4571 5333
4000 2667 3636 1846 2857 2000 1846
2857 3200 4000 5333
160 160 160 160 160 160 160 160 160 160 160 160 160 160 160 160
160 160 160 160 160 160 160 160 160 160 160 160 160 160 160 160
160 160 160 160 160 160 160 160 160 160 160 160 160 160 160 160
160 160 160 160 160 160 160 160 160 160 160 160 160 160 160 160
0.014 0.009 0.012 0.009 0.007 0.009 0.009 0.015
0.014 0.013 0.011 0.016 0.014 0.007 0.009
0.012 0.015 0.011 0.013 0.014 0.016 0.013
0.014 0.01 0.008 0.009
963 3404 6138 0 1831 4650 5079 1169 1589 4717 4388 612 431 2186 0 3368
0 0 0 1063 0 0 0 0 0 0 0 0 0 0 1593 0
2999 5192 1867 4750 3478 5748 3739 1788 3939 2189 2971 3874 2917 5795 3625 5162
3463 2700 3041 3123 2505 2629 1800 1559 1439 3736 1270 1636 2806 1324 1409 3943
3865 2227 2316 4028 3483 4480 4440 1834 4686 3435 1650 3682 3011 4822 2667 2560
438 473 415 350 784 510 431 833 664 760 545 386 687 531 357 963
1898 5090 2517 2718 2229 6195 5102 5548 4247 2654 2679 3477 5810 5192 2254 5422
708 968 637 437 1248 611 1463 1207 918 1426 487 652 449 727 552 982
457 565 496 538 273 257 528 542 316 754 367 362 621 503 439 309
5600 2688 2903 4786 2135 2335 4053 2144 5472 2025 2201 3632 5615 5255 5129 2547
2402 2522 1858 3315 4105 1689 2093 4029 2225 2947 3399 2797 1513 4135 3178 2255
2175 767 1369 1043 1814 2066 1998 1833 1410 1744 1964 1440 1956 1754 1100 1605
4290 7882 8303 6789 6614 7791 3910 4931 5651 2913 5958 3575 5503 3754 5065 3545
1998 1572 1060 2124 2411 2307 1077 2158 996 959 2238 731 1510 2429 2418 1225
2411 3608 3649 1585 4302 3536 5192 5191 2817 4470 3645 3541 4854 4539 4994 3406
7209 6025 6069 6001 2935 4205 5877 7020 5218 7905 2673 5185 5974 7180 4425 5296
3243 4114 1434 1254 3587 2453 3315 4058 3973 2099 2594 2944 4273 2878 2026 2682
2491 2835 5137 4328 2238 4024 4809 5701 4862 3656 5521 5119 3075 2101 3351 1912
0 3 3 5 3 2 6 5
2 0 2 5 3 4 4 5
6 6 0 4 3 5 3 5
5 2 3 0 4 5 3 5
4 2 6 3 0 3 4 2
5 3 4 2 5 0 4 5
5 4 3 5 4 5 0 4
6 5 5 4 4 4 4 0
0 2 5 6 3 2 5
5 0 5 6 5 5 3
6 6 0 4 3 2 4
3 4 6 0 2 5 6
2 4 3 2 0 2 3
5 5 2 3 4 0 5
4 2 5 3 2 6 0
0 4 6 4 3 6 3
4 0 4 3 2 4 5
6 2 0 5 6 6 5
3 4 4 0 6 6 6
5 2 4 4 0 3 3
3 5 4 4 5 0 5
5 3 4 5 5 6 0
0 4 5 4
5 0 3 3
6 3 0 6
4 4 4 0
0.498 0.769 0.672 0.596 0.726 0.520 0.628 0.368 0.455 0.780 0.813 0.477 0.867 0.531 0.358 0.748
6.229 7.769 7.053 8.163 7.766 5.876 9.425 4.236 5.733 10.842 10.319 6.959 10.833 5.521 4.076 10.689
0.00504 0 0.00009 0.00414 0 0.00126 0 0.00014
0 0 0 0 0 0.00122 0
0 0 0 0.00071 0.0057 0.00761 0
0.00347 0 0 0
0 103 90 175 105 70 177 195
57 0 74 172 93 101 200 208
292 225 0 126 115 210 117 146
133 90 111 0 197 147 112 182
122 74 288 101 0 122 169 92
160 99 198 50 217 0 175 191
218 154 90 175 193 126 0 184
244 233 171 165 166 140 178 0
0 50 138 231 103 61 223
183 0 225 210 178 197 89
225 174 0 200 91 66 160
140 155 256 0 97 190 210
95 106 105 96 0 73 111
235 221 74 105 129 0 157
113 84 135 127 97 226 0
0 164 252 147 125 190 111
192 0 174 120 68 180 143
214 52 0 127 166 168 243
123 138 132 0 265 249 205
158 53 101 188 0 144 118
93 126 104 174 250 0 153
228 81 190 243 231 297 0
0 200 178 171
232 0 113 90
151 120 0 174
182 105 139 0