16 16 112 4
40360
03 04 06 12 13 15
02 03 07 08 10 12 13 14 15 16
01 03 07 09 11
01 03 04 05 06 10
2500 3200 2500 1846 1500 5333
2667 3692 3636 2353 2286 4000 3636 4571 1714 1882
4000 3429 3000 1714 2824
4571 5000 5333 4000 3200 1714
160 160 160 160 160 160 160 160 160 160 160 160 160 160 160 160
160 160 160 160 160 160 160 160 160 160 160 160 160 160 160 160
160 160 160 160 160 160 160 160 160 160 160 160 160 160 160 160
160 160 160 160 160 160 160 160 160 160 160 160 160 160 160 160
0.016 0.01 0.016 0.013 0.016 0.009
0.012 0.013 0.011 0.017 0.014 0.01 0.011 0.007 0.014 0.017
0.012 0.014 0.008 0.014 0.017
0.007 0.008 0.009 0.01 0.015 0.014
3419 4316 2668 3072 4542 234 5154 1052 383 422 494 1631 4217 3106 1367 4274
0 0 0 0 0 0 0 0 0 0 0 0 0 0 0 0
2424 5267 4294 2725 1653 2057 4161 1537 2200 1538 3919 3562 2758 4816 3018 1440
2365 2040 2254 1099 922 742 2149 1069 1997 849 1547 1322 2317 1315 1727 671
3610 6512 2945 6153 4060 3327 9239 8040 9320 4303 7538 4698 10194 8879 4248 2629
4683 3430 5949 2539 6567 2862 4708 3056 6442 3351 4735 2096 1795 5882 6291 3573
849 2437 1292 2530 2314 983 1229 2733 1607 2493 1131 1033 1670 1319 875 2460
2539 3270 2699 4491 5994 5754 2681 5831 6569 7077 4538 4058 5390 7346 4352 2799
2776 1178 3805 3724 3814 2245 3383 4328 1671 4564 4100 3323 1471 1591 3998 2468
288 320 328 695 350 252 348 319 533 619 434 476 691 429 414 518
2407 3058 1856 1141 1918 2190 2581 3294 1051 2121 3235 2102 3151 2614 3304 1651
3899 5063 1847 4246 5190 1953 4973 4137 3679 3117 3112 2141 5264 3863 3313 4290
3129 1837 2925 3651 1506 3724 2659 3165 1090 1873 2445 2708 993 2356 1732 1734
1973 3831 4431 2308 4095 4462 4975 3818 1975 2126 2750 2603 2389 2968 3473 2286
4996 1494 4066 4437 1714 2750 3826 4471 2541 2706 1617 4263 3438 4632 3952 4326
617 361 591 578 362 172 264 511 588 200 453 525 685 555 617 423
8948 3577 5181 7102 3350 3355 4179 8308 2886 3817 8262 8515 3751 2880 4529 7847
1827 2795 1178 1660 1342 1222 1921 3214 896 2125 3421 1430 1057 1934 1513 1538
0 3 3 3 2 3
6 0 2 2 3 6
6 4 0 5 5 6
2 4 3 0 2 6
3 6 3 4 0 3
3 2 3 5 4 0
0 4 3 3 6 2 5 4 3 5
3 0 6 2 5 5 4 4 6 5
2 4 0 5 2 5 6 2 4 5
2 3 6 0 3 2 5 3 6 5
4 5 2 4 0 4 6 6 5 3
2 5 6 5 4 0 4 3 3 4
6 4 6 3 6 2 0 6 4 6
4 2 4 5 5 5 5 0 3 3
4 5 3 3 4 3 5 5 0 4
5 4 5 2 6 2 5 3 3 0
0 3 2 3 2
5 0 4 3 5
3 4 0 2 3
6 6 2 0 5
6 6 5 3 0
0 2 4 6 5 3
2 0 6 6 6 3
2 2 0 4 6 5
6 2 3 0 6 3
4 2 2 5 0 3
3 6 4 3 3 0
0.358 0.639 0.758 0.661 0.423 0.834 0.867 0.834 0.477 0.358 0.726 0.661 0.639 0.358 0.726 0.834
3.825 9.204 7.963 9.318 4.605 10.427 10.053 12.179 6.483 5.041 10.888 7.269 7.734 4.826 9.073 10.427
0.00928 0.00295 0.00189 0.00145 0.00565 0
0 0.00778 0.00108 0 0.0014 0 0 0 0.00238 0
0.00418 0.0057 0 0 0
0 0 0 0 0 0
0 117 144 91 54 121
210 0 62 55 144 238
262 183 0 200 211 249
67 125 114 0 69 297
76 153 141 135 0 114
103 78 102 191 131 0
0 102 139 93 250 53 201 172 106 186
121 0 276 91 197 243 154 132 274 223
94 145 0 250 67 217 289 51 119 238
99 105 258 0 132 70 208 82 229 150
185 231 59 157 0 125 270 172 151 144
67 242 201 140 179 0 135 139 139 147
283 150 211 97 286 98 0 207 156 232
102 100 122 180 237 135 207 0 114 107
132 125 79 78 193 126 248 215 0 159
245 177 228 56 274 55 246 134 84 0
0 106 50 136 66
136 0 107 128 181
145 174 0 72 81
298 222 51 0 220
229 192 188 145 0
0 96 160 253 246 103
95 0 183 256 208 123
55 80 0 133 261 145
175 69 138 0 175 143
131 56 97 185 0 108
98 264 138 120 141 0
