16 16 112 4
47567
01 02 06 08 09 11
04 05 08 09 10 11 14
01 03 06 08 10 12 15 16
03 07 08 13 14 15
2353 4444 4444 3000 3200 2667
2500 3333 2667 3333 3636 4800 3200
3333 2000 5333 3200 5714 2909 4444 1412
1714 2000 2286 3429 1500 2857
160 160 160 160 160 160 160 160 160 160 160 160 160 160 160 160
160 160 160 160 160 160 160 160 160 160 160 160 160 160 160 160
160 160 160 160 160 160 160 160 160 160 160 160 160 160 160 160
160 160 160 160 160 160 160 160 160 160 160 160 160 160 160 160
0.017 0.009 0.009 0.016 0.015 0.015
0.016 0.012 0.015 0.012 0.011 0.01 0.01
0.012 0.012 0.009 0.01 0.007 0.011 0.009 0.017
0.014 0.016 0.014 0.007 0.016 0.014
3461 5462 1913 5697 108 1524 24 4752 3243 5314 1085 686 4123 0 4859 5309
0 0 0 0 0 0 0 0 0 0 0 0 0 1282 0 0
3739 6097 3667 6189 4985 5942 3450 4965 3488 3452 3716 3351 3139 5419 5912 4341
1992 968 1268 2058 2152 2023 1299 1719 2217 1071 1869 1515 1956 1854 2399 2266
5431 7015 3332 6662 2662 5200 6308 3701 2648 4020 3160 6757 5280 5161 4378 2370
3272 2364 3125 3283 3643 2547 3089 1311 2063 1620 3188 2316 1707 3574 3191 2782
446 523 242 438 208 426 417 517 345 486 407 172 494 278 522 179
1507 2378 1570 1993 3447 2879 2710 1667 2227 1275 3587 3824 3305 3528 3329 1238
1794 1951 2974 2868 2292 2042 2980 1666 1836 2786 1255 2151 2772 1067 3338 2285
5114 5690 4561 2430 7551 4502 4523 2810 5468 5053 4611 5603 6921 3280 6046 7363
4282 5364 4588 2292 3111 4383 1839 3646 4901 4912 2960 3558 2913 1793 3159 2714
1696 4951 1679 5074 3801 2645 2684 5006 3469 2594 3827 1828 2869 1680 2566 3969
6014 4914 4201 3947 3069 3426 3576 4675 4808 3811 2626 4829 2591 5615 2241 3307
559 309 380 466 630 561 331 594 267 467 423 468 307 466 559 396
1489 2517 2340 1596 2667 2355 1103 1341 1470 1465 3243 3141 1556 2892 1853 3295
3271 4905 2292 2544 3301 6152 2547 4265 3772 3894 3622 5666 4764 3096 2297 2860
2417 2154 4919 5839 2812 3327 2073 4107 5906 2960 5753 3949 5725 4441 2035 4469
1285 2196 1641 2515 2081 1742 1187 1141 1388 2364 1850 2203 2323 2686 2255 2728
0 2 2 4 5 5
3 0 5 4 2 5
6 2 0 6 4 4
5 5 5 0 5 3
2 6 6 6 0 5
3 6 2 2 2 0
0 2 5 2 5 4 2
6 0 3 3 4 4 3
3 3 0 2 6 4 2
5 6 3 0 4 2 2
4 2 2 6 0 3 6
5 2 3 6 4 0 2
6 3 3 6 4 3 0
0 3 6 3 6 4 5 5
5 0 6 2 3 2 5 6
5 6 0 3 6 6 6 4
5 6 3 0 2 6 4 5
5 4 2 6 0 5 6 3
3 4 3 5 6 0 4 4
4 4 5 2 4 5 0 4
3 5 2 3 3 5 6 0
0 6 5 3 2 2
5 0 6 4 6 3
3 5 0 5 2 2
2 2 4 0 4 4
4 4 2 3 0 6
5 5 2 6 6 0
0.379 0.726 0.347 0.563 0.531 0.661 0.726 0.412 0.498 0.585 0.379 0.466 0.412 0.553 0.542 0.358
5.270 7.404 3.883 8.112 5.361 8.062 10.452 5.599 5.980 8.600 5.460 5.916 4.899 7.569 6.717 4.683
0.00287 0 0 0.0045 0.00138 0.0039
0 0 0.007 0 0.00125 0 0
0 0 0.00279 0 0 0 0 0
0.00358 0 0.00596 0 0.00972 0.00161
0 79 81 177 203 208
75 0 198 117 63 181
274 89 0 214 161 101
212 190 250 0 200 148
50 264 160 171 0 211
78 195 69 67 54 0
0 90 167 57 141 112 68
261 0 78 106 128 168 120
132 139 0 71 166 117 77
150 162 110 0 117 74 64
111 92 55 243 0 86 159
156 79 96 157 106 0 70
225 97 123 216 192 83 0
0 124 235 77 172 164 150 170
242 0 211 63 144 89 201 298
178 220 0 88 201 217 219 187
238 184 105 0 55 187 121 196
246 180 68 150 0 192 228 116
95 143 150 140 228 0 190 187
198 180 168 52 107 140 0 185
134 242 95 149 136 177 297 0
0 184 132 93 51 60
183 0 238 102 157 105
112 220 0 151 58 52
63 80 185 0 127 114
186 147 98 93 0 196
177 125 72 232 169 0
