20 16 112 5
196550
03 04 05 07 08 10 17
01 02 03 05 11 14 15 16 19
05 09 10 11 13 14 18 20
01 02 05 06 07 09 17 18 20
04 05 06 08 12 13 15 16
21333.33333 10285.71429 9600 6857.142857 5333.333333 7200 18666.66667
11200 10666.66667 16000 12000 6400 21333.33333 21333.33333 12000 21333.33333
5333.333333 14000 11200 9333.333333 24000 6222.222222 6000 9000
9600 4800 16000 7200 7000 21333.33333 12800 10666.66667 6400
8000 14000 16000 10285.71429 7000 10285.71429 9142.857143 9142.857143
160 160 160 160 160 160 160 160 160 160 160 160 160 160 160 160
160 160 160 160 160 160 160 160 160 160 160 160 160 160 160 160
160 160 160 160 160 160 160 160 160 160 160 160 160 160 160 160
160 160 160 160 160 160 160 160 160 160 160 160 160 160 160 160
160 160 160 160 160 160 160 160 160 160 160 160 160 160 160 160
0.003 0.007 0.005 0.007 0.009 0.01 0.003
0.005 0.006 0.004 0.004 0.01 0.003 0.003 0.006 0.003
0.009 0.004 0.005 0.006 0.003 0.009 0.008 0.008
0.005 0.01 0.004 0.01 0.008 0.003 0.005 0.006 0.01
0.007 0.004 0.004 0.007 0.008 0.007 0.007 0.007
21343 9229 18332 4599 16961 8080 20240 4441 21412 15267 0 0 19000 6324 2520 3380 16292 2829 0 6293
0 0 0 0 0 0 0 0 0 0 1957 1743 0 0 0 0 0 0 606 0
6762 3693 6366 5038 3859 5973 4226 5830 3992 5970 6350 4344 5320 4146 6447 3875
7684 4197 7234 5725 4385 6787 4802 6625 4537 6784 7216 4937 6046 4712 7326 4403
11219 6128 10562 8359 6402 9909 7011 9672 6624 9905 10535 7208 8827 6880 10696 6429
6609 3609 6221 4924 3771 5837 4130 5697 3901 5834 6205 4246 5199 4052 6300 3787
13525 7387 12732 10077 7718 11946 8452 11660 7985 11940 12700 8689 10641 8293 12894 7751
1998 1091 1880 1488 1140 1764 1248 1722 1179 1763 1876 1283 1572 1225 1904 1145
6609 3609 6221 4924 3771 5837 4130 5697 3901 5834 6205 4246 5199 4052 6300 3787
3842 2098 3617 2862 2192 3393 2401 3312 2268 3392 3608 2468 3023 2356 3663 2201
11988 6547 11285 8932 6841 10588 7492 10335 7077 10583 11257 7702 9432 7351 11429 6870
10758 5876 10128 8016 6139 9502 6723 9275 6351 9498 10102 6912 8464 6597 10256 6165
9375 5120 8825 6985 5350 8280 5859 8082 5535 8277 8803 6023 7376 5749 8938 5372
7070 3861 6655 5267 4034 6244 4418 6095 4174 6241 6638 4542 5562 4335 6740 4051
13371 7303 12587 9963 7630 11810 8356 11527 7894 11805 12556 8590 10520 8199 12747 7662
8760 4784 8247 6527 4999 7737 5475 7552 5172 7734 8226 5628 6892 5372 8351 5020
3073 1678 2893 2290 1754 2715 1921 2650 1814 2713 2886 1974 2418 1884 2930 1761
6762 3693 6366 5038 3859 5973 4226 5830 3992 5970 6350 4344 5320 4146 6447 3875
11834 6463 11140 8817 6753 10452 7396 10202 6987 10448 11112 7603 9311 7257 11282 6782
2305 1259 2170 1717 1315 2036 1440 1987 1361 2035 2164 1481 1813 1413 2197 1321
1998 1091 1880 1488 1140 1764 1248 1722 1179 1763 1876 1283 1572 1225 1904 1145
3227 1762 3038 2404 1841 2850 2017 2782 1905 2849 3030 2073 2539 1979 3077 1849
0 6 6 2 3 1 3
3 0 6 1 6 3 5
3 6 0 4 3 5 6
6 1 6 0 3 5 5
6 3 2 6 0 1 4
4 6 3 1 3 0 3
6 3 5 2 4 5 0
0 2 3 1 4 1 6 1 3
4 0 2 6 5 6 5 5 3
3 3 0 3 5 4 5 2 5
3 6 6 0 6 2 1 5 4
3 3 5 6 0 4 1 3 4
1 3 4 2 2 0 2 1 5
2 1 6 2 1 6 0 1 4
6 3 4 1 1 6 6 0 3
3 6 5 2 2 6 5 4 0
0 5 1 2 5 1 5 5
6 0 2 3 1 6 5 6
3 1 0 3 5 4 4 1
6 1 2 0 6 3 6 3
4 1 1 1 0 4 5 4
6 2 6 4 2 0 2 6
2 6 4 5 5 2 0 5
3 5 2 4 6 4 1 0
0 3 5 1 1 6 6 3 5
5 0 2 2 4 6 6 2 6
6 4 0 3 1 3 3 3 6
2 3 5 0 3 4 5 3 4
1 2 6 5 0 6 2 3 3
4 4 2 1 3 0 6 5 2
1 6 2 3 4 5 0 2 4
1 1 4 1 5 1 3 0 4
2 1 6 5 3 3 6 1 0
0 6 2 6 4 4 2 3
2 0 2 4 5 2 3 3
4 3 0 3 2 2 5 3
6 2 4 0 5 6 6 4
5 1 6 2 0 2 2 2
1 2 3 6 4 0 1 3
6 4 1 1 6 4 0 5
1 3 4 3 6 3 1 0
0.163 0.173 0.217 0.173 0.130 0.173 0.206 0.152 0.195 0.152 0.163 0.076 0.195 0.141 0.184 0.098 0.184 0.228 0.173 0.173
1.74 1.87 3.06 2.11 1.40 2.05 2.57 1.68 2.61 1.77 2.00 0.92 2.16 1.80 2.38 1.37 2.01 2.46 2.32 1.92
0 0 0.00177 0.00059 0.00084 0.004 0
0.0007 0 0.00116 0.00064 0.0036 0 0 0.00001 0
0.00381 0.00003 0 0 0 0.00594 0.00298 0
0 0.00236 0 0.00748 0 0 0.00264 0 0.0019
0.0014 0.00028 0 0 0 0.00528 0.00431 0
0 312 258 69 119 36 95
148 0 200 52 243 151 160
156 231 0 152 151 168 334
330 46 312 0 137 152 237
267 120 62 190 0 34 184
196 260 138 53 143 0 143
289 100 155 57 220 237 0
0 69 168 45 205 35 245 43 145
144 0 76 301 158 204 160 234 90
138 150 0 150 234 214 277 98 148
100 301 205 0 222 114 33 244 177
94 153 237 330 0 179 54 133 114
33 138 172 58 98 0 98 34 144
77 40 272 63 37 294 0 39 228
185 144 145 34 45 219 284 0 156
130 296 258 92 77 186 231 125 0
0 208 40 74 198 41 280 155
337 0 88 143 53 301 225 186
141 30 0 104 222 153 227 52
282 48 85 0 341 115 258 101
193 35 38 30 0 124 242 198
255 73 233 124 61 0 57 205
101 279 145 254 191 112 0 270
102 180 58 148 240 133 38 0
0 170 175 48 47 195 337 110 248
198 0 65 98 220 185 186 82 224
186 166 0 157 46 135 152 108 324
101 154 195 0 96 158 251 137 181
28 97 185 274 0 228 59 129 111
136 142 87 54 120 0 260 221 61
38 224 66 151 148 195 0 102 192
37 33 121 33 170 46 87 0 228
111 46 212 144 171 90 332 28 0
0 216 68 339 206 139 100 98
68 0 84 192 200 88 135 107
184 135 0 130 103 75 234 96
286 58 149 0 255 265 216 204
275 44 327 96 0 98 89 88
33 84 160 214 225 0 41 88
200 124 45 35 264 161 0 185
51 122 206 122 181 108 35 0
