20 16 112 5
199319
05 06 11 12 13 14 17 19
02 03 05 08 09 11 13 19
01 02 03 06 07 08 10 13 14 16 20
04 06 07 10 13 15 17 20
01 04 07 09 12 13 15 16 17 18
5333.333333 9142.857143 6400 9142.857143 16000 18000 18000 18000
6000 7000 18000 18000 21333.33333 5600 6222.222222 5600
16000 7111.111111 14400 5600 8000 8000 10666.66667 6857.142857 8000 16000 6857.142857
7200 9333.333333 14400 16000 11200 8000 4800 7111.111111
12000 5600 6000 5600 5600 6222.222222 12000 4800 18000 11200
160 160 160 160 160 160 160 160 160 160 160 160 160 160 160 160
160 160 160 160 160 160 160 160 160 160 160 160 160 160 160 160
160 160 160 160 160 160 160 160 160 160 160 160 160 160 160 160
160 160 160 160 160 160 160 160 160 160 160 160 160 160 160 160
160 160 160 160 160 160 160 160 160 160 160 160 160 160 160 160
0.009 0.007 0.01 0.007 0.004 0.004 0.004 0.004
0.008 0.008 0.004 0.004 0.003 0.01 0.009 0.01
0.004 0.009 0.005 0.01 0.009 0.008 0.006 0.007 0.007 0.003 0.007
0.01 0.006 0.005 0.004 0.005 0.009 0.01 0.009
0.004 0.01 0.008 0.01 0.01 0.009 0.004 0.01 0.004 0.005
7233 1006 574 16648 4401 5753 18708 0 15399 3157 14908 14165 18590 17582 4708 12124 9152 3058 14766 17378
0 0 0 0 0 0 0 2225 0 0 0 0 0 0 0 0 0 0 0 0
8010 6836 8069 8982 8169 6111 7404 9155 7711 5204 8209 4917 8152 6887 7528 8917
5461 4661 5501 6124 5570 4166 5048 6242 5258 3548 5597 3353 5558 4695 5133 6080
5947 5075 5990 6669 6065 4537 5496 6797 5725 3863 6094 3651 6052 5113 5589 6620
4733 4039 4768 5308 4827 3611 4375 5410 4557 3075 4850 2906 4817 4069 4448 5269
5704 4868 5746 6396 5817 4352 5272 6519 5491 3706 5845 3502 5805 4904 5361 6350
9588 8182 9658 10752 9778 7315 8862 10958 9230 6229 9825 5886 9757 8243 9011 10673
8374 7147 8436 9391 8541 6389 7740 9571 8062 5440 8582 5141 8522 7200 7870 9322
3155 2693 3178 3538 3218 2407 2916 3606 3038 2050 3233 1937 3211 2713 2965 3512
4369 3728 4401 4899 4456 3333 4038 4993 4206 2838 4477 2682 4446 3756 4106 4864
3519 3003 3545 3946 3589 2685 3253 4022 3388 2286 3606 2160 3582 3026 3308 3918
4126 3521 4156 4627 4208 3148 3814 4716 3972 2681 4228 2533 4199 3548 3878 4593
9467 8079 9536 10616 9655 7222 8750 10820 9114 6150 9701 5812 9634 8139 8897 10538
10680 9115 10759 11977 10893 8148 9872 12207 10282 6939 10945 6557 10869 9183 10038 11889
4248 3625 4279 4763 4332 3240 3926 4855 4089 2759 4353 2608 4323 3652 3992 4728
6311 5386 6357 7077 6436 4815 5833 7213 6076 4100 6467 3874 6422 5426 5931 7025
4733 4039 4768 5308 4827 3611 4375 5410 4557 3075 4850 2906 4817 4069 4448 5269
10680 9115 10759 11977 10893 8148 9872 12207 10282 6939 10945 6557 10869 9183 10038 11889
8253 7043 8313 9255 8417 6296 7628 9432 7945 5362 8457 5067 8399 7096 7756 9187
6311 5386 6357 7077 6436 4815 5833 7213 6076 4100 6467 3874 6422 5426 5931 7025
6918 5904 6968 7757 7055 5278 6394 7907 6660 4494 7089 4247 7040 5948 6502 7701
0 5 6 4 3 4 3 6
2 0 2 5 6 5 3 1
6 3 0 4 3 2 5 6
4 3 2 0 6 6 2 3
5 2 2 1 0 5 6 1
4 2 2 4 6 0 1 1
5 6 6 3 3 3 0 3
1 6 6 2 5 3 2 0
0 1 2 5 3 5 6 2
5 0 6 6 5 1 4 4
4 2 0 4 5 2 6 1
3 1 6 0 4 3 3 1
4 5 2 3 0 4 3 2
3 4 4 5 3 0 3 1
5 3 4 1 1 5 0 3
6 4 1 2 2 2 2 0
0 4 1 1 6 5 1 3 2 5 4
5 0 6 6 6 6 4 6 1 2 5
2 5 0 5 1 5 2 4 3 4 3
3 3 3 0 4 6 5 5 3 1 2
4 2 1 1 0 1 5 6 1 6 3
6 4 2 2 4 0 6 1 1 4 1
5 5 3 3 6 4 0 2 4 2 4
5 2 4 6 3 1 6 0 2 1 2
5 2 1 5 4 3 3 6 0 5 3
2 2 4 2 2 4 5 6 1 0 3
1 6 1 6 4 6 1 1 2 1 0
0 5 2 1 6 6 6 5
5 0 2 3 2 1 4 2
1 1 0 4 6 2 2 2
4 2 4 0 1 5 5 2
4 4 2 2 0 5 5 1
4 3 6 1 2 0 5 4
1 4 6 2 1 5 0 1
3 3 3 5 5 3 2 0
0 5 2 5 2 3 2 4 5 6
4 0 6 5 1 1 5 2 4 4
2 2 0 6 2 1 5 5 5 5
3 6 1 0 6 5 2 5 6 6
4 6 4 6 0 3 3 5 1 4
1 5 3 2 3 0 2 3 6 4
6 1 2 5 3 1 0 2 1 2
4 5 2 4 5 2 4 0 1 3
6 3 2 1 5 1 2 2 0 2
3 3 6 5 5 1 3 1 2 0
0.108 0.195 0.184 0.108 0.098 0.163 0.098 0.228 0.076 0.141 0.228 0.098 0.141 0.108 0.108 0.228 0.076 0.173 0.130 0.141
1.24 2.44 1.93 1.60 1.05 2.16 1.05 3.21 0.77 1.42 2.89 1.07 1.76 1.24 1.43 2.62 1.09 1.98 1.83 1.69
0.00396 0.00216 0 0 0 0 0 0
0 0.0024 0 0 0 0.001 0.00531 0.00788
0.00064 0.0023 0 0.00502 0.00592 0.00608 0.0025 0.00264 0.00371 0 0
0.0035 0 0 0 0.00126 0.00412 0.0062 0.00164
0 0 0.00218 0.00748 0.00514 0.00423 0 0.00636 0 0
0 194 197 133 90 194 136 212
81 0 99 268 255 194 157 46
269 164 0 190 139 69 208 282
224 132 75 0 186 294 109 168
161 57 105 40 0 221 250 54
141 69 88 214 270 0 56 37
225 176 214 115 130 111 0 106
45 324 240 64 182 113 92 0
0 52 94 180 138 208 178 100
202 0 255 195 152 57 129 115
122 85 0 115 148 111 202 36
103 39 252 0 165 122 130 29
148 237 70 88 0 114 140 108
109 209 161 217 92 0 113 55
210 132 134 37 50 235 0 101
286 130 34 96 111 80 64 0
0 216 37 30 313 225 36 132 88 142 211
270 0 312 318 286 264 228 200 28 113 227
70 188 0 227 48 281 105 219 89 154 114
111 140 136 0 147 183 195 217 106 43 102
125 93 34 55 0 35 150 216 46 228 133
318 190 61 76 187 0 288 35 54 201 45
167 148 155 114 324 174 0 93 227 84 163
271 104 130 332 114 49 282 0 75 45 71
194 74 44 235 180 108 161 231 0 184 113
84 70 193 94 99 189 258 281 31 0 85
41 315 30 190 129 303 55 38 58 43 0
0 208 75 28 282 238 185 181
164 0 101 138 98 32 188 73
53 50 0 117 312 79 76 65
171 64 118 0 36 164 261 89
224 136 93 92 0 194 224 47
158 139 209 52 82 0 274 217
46 130 342 96 38 147 0 52
107 168 87 175 191 151 57 0
0 231 88 224 63 158 106 161 270 332
221 0 229 214 32 46 264 93 117 211
94 103 0 300 68 32 228 262 205 244
138 188 56 0 228 147 97 270 255 284
177 267 216 277 0 141 85 158 50 137
46 147 162 96 143 0 73 161 301 221
265 38 74 274 150 40 0 65 33 74
193 181 82 150 214 96 220 0 40 156
183 162 76 32 225 34 73 99 0 89
120 157 192 148 165 32 157 47 90 0
