28 16 112 7
200295
02 08 11 16 19 26
01 04 05 10 12 14 15 19 21
05 09 19 22 23 24 28
06 07 10 15 16 17 19 20 27
03 07 17 19 20 23
03 09 13 19 22 24
01 04 18 19 25 27
1905 2526 3692 5333 6400 2400
2222 3692 960 2462 1500 1231 1600 1333 3200
2667 1739 2667 1778 5333 1667 5000
4800 1333 1600 1333 1391 2000 1778 2667 1600
2000 4571 1263 2400 4000 1538
2000 1333 2182 6667 4000 2824
1818 1714 857 1882 3556 2105
160 160 160 160 160 160 160 160 160 160 160 160 160 160 160 160
160 160 160 160 160 160 160 160 160 160 160 160 160 160 160 160
160 160 160 160 160 160 160 160 160 160 160 160 160 160 160 160
160 160 160 160 160 160 160 160 160 160 160 160 160 160 160 160
160 160 160 160 160 160 160 160 160 160 160 160 160 160 160 160
160 160 160 160 160 160 160 160 160 160 160 160 160 160 160 160
160 160 160 160 160 160 160 160 160 160 160 160 160 160 160 160
0.021 0.019 0.013 0.009 0.005 0.02
0.018 0.013 0.025 0.013 0.016 0.026 0.015 0.024 0.01
0.009 0.023 0.015 0.018 0.009 0.024 0.008
0.01 0.018 0.02 0.018 0.023 0.024 0.027 0.009 0.015
0.012 0.007 0.019 0.01 0.008 0.026
0.024 0.024 0.022 0.006 0.008 0.017
0.022 0.028 0.028 0.017 0.009 0.019
5365 3142 4669 2752 11000 7562 5015 10876 8756 8981 3541 5864 9195 8175 14571 6932 8985 7587 8802 1907 2909 13955 4616 12198 5670 5685 7143 4429
0 0 0 0 0 0 0 0 0 0 0 0 0 0 0 0 0 0 0 0 0 0 0 0 0 0 0 0
3863 2729 2668 3112 3263 2464 2392 2211 3047 3018 2769 3470 2951 2220 2852 2246
2492 1760 1721 2008 2105 1589 1543 1427 1966 1947 1786 2239 1904 1432 1840 1449
4237 2993 2926 3413 3578 2702 2623 2425 3342 3310 3037 3806 3237 2435 3128 2463
3614 2553 2496 2911 3052 2305 2237 2069 2851 2823 2591 3246 2761 2077 2668 2101
4050 2861 2797 3263 3420 2583 2507 2318 3195 3164 2903 3638 3094 2328 2990 2354
1869 1320 1291 1506 1578 1192 1157 1070 1474 1460 1340 1679 1428 1074 1380 1086
3800 2685 2625 3062 3210 2424 2353 2176 2998 2969 2725 3414 2904 2185 2806 2209
810 572 559 652 684 516 501 463 639 632 580 727 618 465 598 470
2990 2112 2065 2409 2526 1907 1852 1712 2359 2336 2144 2686 2285 1719 2208 1738
2554 1804 1764 2058 2157 1629 1581 1462 2015 1995 1831 2295 1952 1468 1886 1485
1993 1408 1377 1606 1684 1271 1234 1141 1573 1557 1429 1791 1523 1146 1472 1159
1495 1056 1032 1204 1263 953 926 856 1179 1168 1072 1343 1142 859 1104 869
1370 968 946 1104 1157 874 848 784 1081 1070 982 1231 1047 788 1012 797
311 220 215 251 263 198 192 178 245 243 223 279 238 179 230 181
3177 2245 2195 2560 2684 2026 1967 1819 2506 2482 2278 2854 2428 1826 2346 1847
3240 2289 2238 2610 2736 2066 2006 1855 2556 2531 2323 2910 2475 1862 2392 1883
3800 2685 2625 3062 3210 2424 2353 2176 2998 2969 2725 3414 2904 2185 2806 2209
1433 1012 989 1154 1210 914 887 820 1130 1119 1027 1287 1095 823 1058 833
5608 3961 3873 4518 4736 3576 3472 3210 4424 4381 4020 5037 4284 3223 4140 3260
5483 3873 3787 4417 4631 3497 3395 3139 4325 4283 3931 4925 4189 3152 4048 3188
1433 1012 989 1154 1210 914 887 820 1130 1119 1027 1287 1095 823 1058 833
3676 2597 2539 2961 3105 2344 2276 2104 2900 2872 2635 3302 2808 2113 2714 2137
2679 1892 1850 2158 2263 1708 1659 1534 2113 2093 1921 2406 2047 1540 1978 1557
4050 2861 2797 3263 3420 2583 2507 2318 3195 3164 2903 3638 3094 2328 2990 2354
2492 1760 1721 2008 2105 1589 1543 1427 1966 1947 1786 2239 1904 1432 1840 1449
623 440 430 502 526 397 385 356 491 486 446 559 476 358 460 362
4050 2861 2797 3263 3420 2583 2507 2318 3195 3164 2903 3638 3094 2328 2990 2354
2056 1452 1420 1656 1736 1311 1273 1177 1622 1606 1474 1847 1571 1182 1518 1195
0 3 8 7 3 6
6 0 2 8 2 3
7 6 0 6 6 7
6 7 4 0 6 6
8 7 5 7 0 4
6 2 4 6 3 0
0 8 2 6 8 7 5 5 7
3 0 3 6 6 8 4 5 6
6 4 0 2 4 2 5 8 4
4 2 8 0 5 5 2 2 5
6 2 3 8 0 2 7 6 2
6 8 5 7 4 0 8 5 2
3 3 6 3 5 8 0 6 4
3 4 6 2 6 2 6 0 7
8 5 3 5 2 2 6 6 0
0 7 4 5 3 8 7
5 0 7 8 4 6 2
4 3 0 8 5 4 4
7 8 4 0 8 6 3
3 6 7 5 0 2 6
7 6 6 8 6 0 5
2 5 7 3 2 3 0
0 4 7 3 6 4 5 6 2
5 0 3 2 4 2 5 8 6
8 3 0 5 7 7 7 7 4
8 3 8 0 3 4 8 2 2
6 5 6 2 0 6 2 2 6
5 3 8 3 6 0 8 5 6
4 7 2 7 4 8 0 5 2
5 2 4 5 4 8 5 0 7
7 5 6 6 5 5 3 2 0
0 2 8 2 3 5
2 0 2 8 6 3
3 6 0 5 7 7
2 7 5 0 2 5
4 7 4 3 0 3
3 3 2 7 4 0
0 3 7 5 6 4
3 0 6 4 2 8
2 7 0 3 3 2
8 7 7 0 5 3
3 4 8 7 0 2
7 3 5 3 2 0
0 7 3 8 7 5
8 0 2 3 2 4
2 5 0 4 6 5
5 2 2 0 5 5
3 8 3 3 0 6
5 4 3 7 3 0
0.39 0.368333 0.238333 0.195 0.13 0.238333 0.173333 0.238333 0.400833 0.108333 0.303333 0.433333 0.108333 0.281667 0.216667 0.0975 0.108333 0.216667 0.335833 0.314167 0.13 0.205833 0.270833 0.303333 0.2925 0.13 0.325 0.205833
4.056 5.378 3.075 2.847 1.664 2.812 2.461 2.741 5.010 1.322 3.610 4.550 1.398 3.803 3.163 0.975 1.473 3.207 5.004 4.398 1.495 2.532 3.521 4.489 4.154 1.924 4.258 2.120
0 0 0 0 0 0
0 0 0.01915 0 0 0 0.00225 0.01931 0
0 0 0.0077 0.00624 0 0.00468 0
0 0.01302 0.00594 0 0.01862 0.00062 0.01892 0.00218 0
0 0 0 0.00335 0 0.01364
0.01464 0.00348 0 0.00125 0 0
0.0002 0.02236 0 0.01407 0 0.00517
0 158 744 256 122 464
220 0 215 273 76 205
774 616 0 601 271 457
415 340 374 0 709 260
446 810 300 575 0 384
465 76 476 536 182 0
0 915 69 412 401 658 542 522 666
213 0 270 615 436 816 362 268 493
349 457 0 242 389 189 565 417 272
318 73 675 0 235 386 99 140 233
600 153 146 854 0 244 817 298 217
272 347 565 217 293 0 987 614 115
155 246 499 93 498 641 0 732 488
186 415 498 160 680 211 702 0 539
897 462 279 460 80 123 538 655 0
0 551 496 180 234 732 782
327 0 561 731 473 212 60
408 201 0 748 583 456 224
499 657 493 0 641 322 222
142 332 753 447 0 84 494
701 722 608 592 698 0 536
121 194 470 103 100 295 0
0 313 683 164 301 135 501 660 137
172 0 256 87 280 187 595 433 705
444 159 0 322 485 562 761 253 203
764 186 870 0 90 255 972 106 222
326 585 739 149 0 448 120 223 690
431 294 339 297 339 0 289 425 436
264 781 180 354 307 424 0 178 106
260 199 360 448 276 918 456 0 214
372 384 603 386 433 488 338 178 0
0 192 499 85 148 619
166 0 186 953 448 127
123 381 0 495 711 294
87 331 497 0 140 286
134 296 212 197 0 315
165 94 219 645 182 0
0 125 639 261 453 326
280 0 684 452 138 484
200 400 0 313 296 86
451 506 617 0 305 311
206 194 875 434 0 97
527 94 435 192 139 0
0 275 268 662 687 494
667 0 105 303 166 380
156 543 0 404 559 422
402 154 136 0 194 466
339 411 98 291 0 627
507 439 280 618 174 0
