28 16 112 7
148095
04 13 14 21 22
08 14 18 19 20 21 23 26
01 03 06 08 14 16 17 18 22 26
03 05 09 12 14 19
02 07 11 14 25
10 14 15 20 24 27
01 04 07 13 14 23 27 28
5333 1455 1143 2000 1846
1600 1739 8000 2222 5000 1600 1818 4800
6667 4000 2909 4000 4571 2462 2500 1231 6857 1333
923 6000 1231 2133 2353 2000
4444 1714 1846 2824 5714
4571 5333 3200 6400 1231 1846
1818 2353 4800 2000 1846 4444 1524 6000
160 160 160 160 160 160 160 160 160 160 160 160 160 160 160 160
160 160 160 160 160 160 160 160 160 160 160 160 160 160 160 160
160 160 160 160 160 160 160 160 160 160 160 160 160 160 160 160
160 160 160 160 160 160 160 160 160 160 160 160 160 160 160 160
160 160 160 160 160 160 160 160 160 160 160 160 160 160 160 160
160 160 160 160 160 160 160 160 160 160 160 160 160 160 160 160
160 160 160 160 160 160 160 160 160 160 160 160 160 160 160 160
0.006 0.022 0.028 0.016 0.026
0.015 0.023 0.006 0.018 0.008 0.02 0.022 0.01
0.006 0.006 0.011 0.01 0.007 0.013 0.016 0.026 0.007 0.024
0.026 0.008 0.026 0.015 0.017 0.02
0.009 0.028 0.013 0.017 0.007
0.007 0.009 0.015 0.005 0.026 0.026
0.022 0.017 0.01 0.016 0.013 0.009 0.021 0.008
4533 11826 3393 7216 9449 1068 9168 5601 0 0 8467 6120 7589 12120 4630 8370 30 3059 0 1316 5516 10836 815 6807 7914 0 10402 1838
0 0 0 0 0 0 0 0 3870 3343 0 0 0 0 0 0 0 0 979 0 0 0 0 0 0 1435 0 0
4622 3895 4668 3911 4001 4765 5307 3647 3992 4086 3639 4763 4437 5178 5174 3573
390 329 394 330 338 402 448 308 337 345 307 402 375 437 437 301
3646 3072 3682 3084 3156 3758 4186 2876 3148 3223 2870 3757 3500 4084 4081 2818
5469 4609 5523 4627 4734 5638 6279 4315 4723 4835 4305 5635 5250 6127 6121 4227
1237 1042 1249 1046 1070 1275 1420 976 1068 1093 973 1274 1187 1385 1384 956
2409 2030 2433 2038 2085 2483 2765 1900 2080 2129 1896 2482 2312 2698 2696 1862
2799 2359 2827 2368 2423 2886 3214 2209 2417 2475 2204 2885 2687 3136 3133 2164
5469 4609 5523 4627 4734 5638 6279 4315 4723 4835 4305 5635 5250 6127 6121 4227
1432 1207 1446 1211 1240 1476 1644 1130 1236 1266 1127 1476 1375 1604 1603 1107
2148 1810 2170 1817 1860 2214 2466 1695 1855 1899 1691 2214 2062 2407 2404 1660
1041 877 1052 881 901 1073 1196 821 899 920 820 1073 1000 1167 1166 805
2474 2085 2498 2093 2141 2550 2840 1952 2136 2187 1947 2549 2375 2771 2769 1912
3971 3347 4011 3360 3438 4094 4559 3133 3429 3511 3126 4092 3812 4449 4445 3069
5534 4664 5589 4682 4791 5705 6353 4366 4779 4892 4357 5702 5312 6199 6194 4277
2409 2030 2433 2038 2085 2483 2765 1900 2080 2129 1896 2482 2312 2698 2696 1862
2734 2304 2761 2313 2367 2819 3139 2157 2361 2417 2152 2817 2625 3063 3060 2113
1432 1207 1446 1211 1240 1476 1644 1130 1236 1266 1127 1476 1375 1604 1603 1107
4622 3895 4668 3911 4001 4765 5307 3647 3992 4086 3639 4763 4437 5178 5174 3573
5404 4554 5457 4572 4678 5571 6204 4263 4666 4777 4254 5568 5187 6054 6048 4177
3776 3182 3813 3195 3269 3893 4335 2979 3261 3338 2973 3891 3625 4230 4226 2918
3190 2688 3222 2699 2761 3288 3662 2517 2755 2820 2511 3287 3062 3574 3570 2466
4948 4170 4997 4186 4283 5101 5681 3904 4273 4374 3895 5099 4750 5543 5538 3824
3125 2633 3156 2644 2705 3221 3588 2465 2698 2762 2460 3220 3000 3501 3498 2415
390 329 394 330 338 402 448 308 337 345 307 402 375 437 437 301
781 658 789 661 676 805 897 616 674 690 615 805 750 875 874 603
2995 2524 3024 2534 2592 3087 3438 2363 2586 2647 2357 3086 2875 3355 3352 2315
4102 3456 4142 3470 3550 4228 4709 3236 3542 3626 3229 4226 3937 4595 4591 3170
2344 1975 2367 1983 2029 2416 2691 1849 2024 2072 1845 2415 2250 2625 2623 1811
0 3 5 4 5
3 0 2 7 2
4 4 0 2 8
6 2 2 0 6
7 3 7 6 0
0 4 5 4 6 8 8 6
4 0 5 6 8 4 4 2
4 2 0 8 4 7 4 6
6 8 2 0 3 8 4 3
7 6 8 6 0 2 7 5
2 4 7 8 2 0 4 8
4 5 3 2 4 3 0 5
3 7 7 7 7 6 2 0
0 7 8 6 7 6 6 7 7 3
6 0 4 4 7 7 3 2 4 3
3 8 0 7 3 7 6 3 5 5
3 5 4 0 7 8 7 4 2 3
6 7 5 5 0 3 2 4 7 6
2 7 3 8 7 0 6 3 3 7
8 4 8 7 5 2 0 6 4 8
3 7 3 4 8 2 6 0 4 4
3 4 5 4 8 2 8 6 0 2
7 8 6 5 8 7 4 8 5 0
0 5 5 7 4 4
7 0 5 2 8 5
6 3 0 3 7 5
6 3 6 0 4 5
8 5 4 3 0 2
7 6 5 7 2 0
0 2 2 4 5
5 0 3 7 6
6 7 0 4 2
4 7 4 0 7
4 3 6 4 0
0 3 8 8 6 3
6 0 5 6 8 6
3 5 0 4 6 3
5 7 2 0 6 8
7 2 3 7 0 3
5 2 3 8 8 0
0 2 7 5 3 6 2 6
3 0 3 5 7 8 7 6
6 6 0 7 7 6 3 4
5 4 6 0 6 4 7 3
5 8 5 3 0 2 8 4
6 5 4 7 8 0 6 4
6 6 8 3 7 6 0 3
8 8 6 5 2 8 3 0
0.335833 0.216667 0.0975 0.238333 0.086667 0.433333 0.433333 0.4225 0.2275 0.39 0.433333 0.086667 0.1625 0.205833 0.173333 0.400833 0.26 0.411667 0.2925 0.368333 0.140833 0.2925 0.216667 0.173333 0.140833 0.314167 0.335833 0.270833
3.728 2.362 1.004 2.741 1.057 5.590 6.023 5.155 2.776 5.616 4.507 1.075 1.706 2.388 2.461 6.013 3.640 5.311 3.539 4.052 1.493 3.598 2.903 1.872 1.986 3.330 4.198 3.169
0 0.00796 0.02296 0 0.02245
0.0073 0.01429 0 0 0.00115 0.00324 0.01489 0
0 0 0 0 0.00049 0 0 0.01742 0 0.0092
0.02416 0 0 0 0.01012 0.00224
0 0.02004 0 0.00927 0
0 0 0 0 0 0.00847
0.01274 0.01074 0 0 0.00453 0 0 0
0 324 473 168 232
327 0 210 541 173
202 424 0 73 270
421 74 85 0 296
637 211 323 507 0
0 159 541 464 188 563 836 668
272 0 531 679 819 288 445 98
304 89 0 708 163 420 362 718
670 891 115 0 282 888 280 228
844 283 977 682 0 206 835 416
89 395 676 699 234 0 215 657
135 170 248 146 379 123 0 286
112 800 772 821 288 512 240 0
0 597 494 716 708 366 206 576 291 342
668 0 444 132 411 683 201 138 272 212
190 259 0 707 150 722 457 226 332 563
100 358 432 0 376 646 536 261 125 136
224 296 599 518 0 174 195 477 224 642
135 648 114 337 691 0 399 215 134 683
988 194 249 687 166 159 0 640 200 267
352 715 248 256 678 127 742 0 137 460
324 293 598 131 556 137 337 304 0 169
778 488 535 464 907 373 292 945 508 0
0 388 442 649 255 255
624 0 497 60 289 408
229 199 0 122 445 492
337 269 284 0 244 529
844 272 201 237 0 83
845 216 500 812 229 0
0 196 183 193 475
383 0 193 408 601
722 410 0 128 208
475 827 250 0 399
225 200 741 224 0
0 256 289 640 622 321
720 0 294 696 505 391
133 618 0 127 475 356
342 701 204 0 433 363
277 79 205 817 0 96
216 78 366 720 374 0
0 153 492 234 280 727 204 573
210 0 307 555 504 537 231 426
589 386 0 281 294 366 205 364
342 426 271 0 679 399 806 300
209 700 553 361 0 63 843 238
496 532 432 260 692 0 607 312
466 249 529 181 375 691 0 162
689 376 325 180 196 848 261 0
