28 16 112 7
136295
01 09 11 12 19 23 24 27 28
06 08 11 13 14 17 19 21 22 23 24
02 04 19 21 28
01 07 08 12 19
02 03 05 09 15 16 18 19 26
10 13 14 19 20 22 25
07 10 18 19 20
1429 5714 2667 1905 1391 1538 6400 1043 1333
1333 1185 1043 1500 1600 1391 2353 1391 2462 4800 2000
2105 857 1920 889 1846
2133 1600 1538 2133 1905
2000 1778 1684 1600 1882 1600 1455 2286 2824
8000 4000 1429 1846 2000 3429 3333
2000 1091 1667 2909 1412
160 160 160 160 160 160 160 160 160 160 160 160 160 160 160 160
160 160 160 160 160 160 160 160 160 160 160 160 160 160 160 160
160 160 160 160 160 160 160 160 160 160 160 160 160 160 160 160
160 160 160 160 160 160 160 160 160 160 160 160 160 160 160 160
160 160 160 160 160 160 160 160 160 160 160 160 160 160 160 160
160 160 160 160 160 160 160 160 160 160 160 160 160 160 160 160
160 160 160 160 160 160 160 160 160 160 160 160 160 160 160 160
0.028 0.007 0.018 0.021 0.023 0.026 0.005 0.023 0.018
0.018 0.027 0.023 0.016 0.02 0.023 0.017 0.023 0.013 0.01 0.02
0.019 0.028 0.025 0.027 0.013
0.015 0.025 0.026 0.015 0.021
0.012 0.027 0.019 0.02 0.017 0.025 0.022 0.014 0.017
0.006 0.008 0.028 0.026 0.012 0.007 0.012
0.016 0.022 0.024 0.011 0.017
9934 3776 2760 2195 1878 7596 9602 8610 0 417 11038 5152 10512 7375 648 140 621 4042 8394 0 2917 8006 402 6136 7853 10534 0 5743
0 0 0 0 0 0 0 0 2644 0 0 0 0 0 0 0 0 0 0 3461 0 0 0 0 0 0 2473 0
4951 4863 4001 4997 5217 4425 4495 5254 4662 5044 4906 4610 3833 5166 5310 4347
3157 3101 2551 3186 3327 2821 2866 3350 2973 3216 3129 2939 2444 3294 3386 2772
1722 1691 1391 1738 1814 1539 1563 1827 1621 1754 1706 1603 1333 1796 1847 1512
1506 1480 1217 1520 1588 1346 1368 1599 1419 1535 1493 1403 1166 1572 1616 1323
645 634 521 651 680 577 586 685 608 657 640 601 499 673 692 567
1578 1550 1275 1593 1663 1410 1433 1675 1486 1608 1564 1469 1222 1647 1693 1386
5453 5357 4407 5504 5747 4873 4951 5787 5135 5555 5404 5078 4221 5690 5848 4788
3229 3172 2609 3259 3402 2885 2931 3426 3040 3289 3200 3006 2499 3369 3463 2835
2942 2890 2377 2969 3100 2629 2671 3122 2770 2997 2915 2739 2277 3069 3155 2583
3659 3594 2957 3693 3856 3270 3322 3883 3446 3728 3626 3407 2833 3818 3924 3213
5812 5709 4697 5866 6125 5194 5277 6168 5473 5921 5760 5412 4499 6064 6233 5103
6027 5921 4871 6083 6352 5387 5472 6396 5676 6140 5973 5612 4666 6289 6464 5292
2870 2819 2319 2896 3024 2565 2606 3046 2702 2924 2844 2672 2222 2994 3078 2520
4664 4581 3769 4707 4915 4168 4234 4949 4392 4751 4622 4343 3610 4866 5002 4095
1076 1057 869 1086 1134 961 977 1142 1013 1096 1066 1002 833 1123 1154 945
1722 1691 1391 1738 1814 1539 1563 1827 1621 1754 1706 1603 1333 1796 1847 1512
2152 2114 1739 2172 2268 1923 1954 2284 2027 2193 2133 2004 1666 2246 2308 1890
3085 3031 2493 3114 3251 2757 2801 3274 2905 3143 3057 2873 2388 3219 3309 2709
6314 6203 5103 6373 6654 5643 5733 6701 5946 6433 6258 5879 4888 6588 6772 5544
4735 4652 3827 4779 4990 4232 4299 5025 4459 4824 4693 4409 3666 4941 5079 4158
4233 4158 3421 4272 4461 3783 3843 4492 3986 4313 4195 3942 3277 4417 4540 3717
2224 2185 1797 2245 2344 1988 2019 2360 2094 2266 2204 2071 1722 2321 2385 1953
2798 2749 2261 2824 2949 2501 2540 2969 2635 2851 2773 2605 2166 2919 3001 2457
3229 3172 2609 3259 3402 2885 2931 3426 3040 3289 3200 3006 2499 3369 3463 2835
1578 1550 1275 1593 1663 1410 1433 1675 1486 1608 1564 1469 1222 1647 1693 1386
789 775 637 796 831 705 716 837 743 804 782 734 611 823 846 693
1219 1198 985 1231 1285 1090 1107 1294 1148 1242 1208 1135 944 1272 1308 1071
4018 3947 3247 4055 4234 3591 3648 4264 3784 4093 3982 3741 3110 4192 4309 3528
0 7 4 7 7 8 8 3 2
5 0 6 3 2 6 4 7 6
5 6 0 2 3 3 4 5 7
2 2 7 0 8 8 8 4 2
3 8 3 5 0 6 4 6 5
5 5 6 6 6 0 8 4 7
4 8 8 3 5 4 0 6 7
5 7 5 8 4 3 6 0 2
5 4 3 8 4 5 2 5 0
0 8 7 2 8 3 2 7 5 3 4
3 0 6 6 8 3 3 3 3 5 7
8 6 0 5 7 7 4 2 7 5 4
7 4 7 0 4 8 7 5 6 2 6
4 6 2 8 0 3 2 6 7 4 5
8 6 3 8 2 0 2 7 3 8 4
4 6 2 8 8 5 0 6 5 3 8
5 2 5 3 3 7 6 0 6 5 3
6 3 4 6 6 4 6 4 0 4 2
2 4 5 7 6 4 4 5 3 0 3
8 7 7 3 5 2 8 7 7 4 0
0 4 8 7 6
8 0 5 5 5
4 2 0 4 6
4 7 4 0 5
8 7 2 4 0
0 2 4 6 4
5 0 8 6 4
8 3 0 7 2
6 5 4 0 2
4 5 3 8 0
0 7 5 6 3 6 4 8 3
8 0 7 2 5 7 6 5 7
8 2 0 2 7 7 7 8 2
2 2 6 0 3 2 2 4 5
7 2 5 3 0 3 7 3 2
4 2 3 5 5 0 7 6 8
2 5 8 4 5 7 0 7 2
4 6 7 4 2 4 4 0 2
7 4 4 4 4 5 4 6 0
0 6 7 8 2 8 6
5 0 6 5 3 4 4
8 8 0 4 7 2 4
5 6 4 0 5 7 7
2 6 6 6 0 3 4
4 6 2 4 4 0 3
8 8 3 3 3 2 0
0 4 3 7 5
7 0 3 7 7
7 3 0 7 7
4 4 8 0 7
5 8 6 7 0
0.303333 0.216667 0.433333 0.086667 0.335833 0.086667 0.303333 0.26 0.195 0.3575 0.216667 0.13 0.195 0.1625 0.205833 0.184167 0.195 0.39 0.238333 0.4225 0.2925 0.249167 0.216667 0.140833 0.108333 0.26 0.314167 0.270833
3.761 3.228 5.417 1.101 4.030 1.075 3.155 3.146 2.145 5.184 2.383 1.443 2.730 1.820 2.820 2.192 2.769 5.772 3.527 5.619 3.159 3.414 3.120 1.437 1.387 3.380 4.681 3.548
0.0112 0 0 0.00318 0.01323 0.01866 0 0 0.00646
0 0 0.00281 0.00736 0 0 0.00507 0 0.00701 0 0.01245
0.00664 0 0.01852 0.00014 0
0 0.01184 0.00353 0 0.00951
0 0 0 0.01566 0 0 0.00648 0.00657 0
0 0 0.00968 0.01655 0 0 0
0 0.01166 0 0 0.00612
0 751 121 868 799 803 984 167 195
485 0 718 301 116 355 286 665 199
525 387 0 129 166 117 344 435 729
142 61 362 0 550 433 600 356 180
196 632 286 390 0 358 451 439 376
597 525 290 560 609 0 492 125 309
404 305 497 218 317 380 0 572 583
505 340 440 566 235 249 466 0 69
538 382 336 769 412 278 178 396 0
0 960 859 210 803 282 64 863 338 92 260
247 0 645 291 782 99 151 121 316 600 520
750 472 0 211 469 428 212 164 376 521 310
858 184 315 0 444 721 592 258 696 126 330
328 628 202 860 0 171 116 254 716 216 588
457 517 262 582 143 0 194 536 129 604 376
406 632 175 747 820 156 0 384 166 94 673
559 91 569 250 339 457 296 0 663 599 114
358 103 316 567 522 128 630 183 0 120 162
243 270 384 701 195 355 318 550 283 0 282
264 763 583 154 519 103 345 655 593 159 0
0 183 608 800 531
718 0 526 571 408
324 241 0 231 198
240 861 296 0 496
555 214 223 125 0
0 165 232 598 339
241 0 828 656 380
907 123 0 299 152
601 540 488 0 239
254 442 91 929 0
0 620 436 550 267 730 260 961 228
710 0 403 216 471 449 465 534 758
588 181 0 126 754 372 471 363 155
67 135 214 0 330 164 188 187 287
855 148 537 326 0 349 568 91 146
472 155 204 218 563 0 569 300 867
132 616 310 190 441 380 0 341 127
164 670 215 423 215 223 410 0 210
845 136 126 171 448 300 316 315 0
0 487 791 352 226 966 686
221 0 574 608 209 286 387
435 662 0 240 536 224 147
557 433 229 0 251 224 455
217 698 697 246 0 211 352
335 694 93 377 169 0 366
702 536 226 315 318 119 0
0 136 275 721 438
306 0 226 361 396
628 364 0 548 663
488 281 910 0 287
318 532 285 487 0
