36 16 112 10
170913
29 32 33 35 36
01 08 20 29 32 33 34 35
03 13 19 21 22 23 28 33
09 10 14 15 18 24 25 28 30 33
05 08 09 10 13 14 17 18 27 32 33 36
01 02 04 15 16 19 20 21 31 33
02 03 05 11 12 16 29 30 31 33 34
04 12 17 24 25 33
07 11 16 26 27 33
06 07 18 21 22 23 26 33
4800 6400 2526 4000 1333
6667 1714 3333 1000 2400 1500 1455 3077
2667 5714 4000 2000 1538 2909 1714 1846
5333 2087 1882 6400 6857 2182 4000 2909 1143 2667
1412 1739 1412 1481 3000 5714 3333 1600 5333 4000 1778 1185
8000 3077 1818 1391 4364 2000 1455 1143 2667 3000
1714 9600 2222 2667 3200 5333 4444 1143 1143 1500 889
2182 9600 2222 1846 1091 889
2222 4000 1043 2526 1412 3429
2824 1846 4000 6000 1882 1538 2824 4000
160 160 160 160 160 160 160 160 160 160 160 160 160 160 160 160
160 160 160 160 160 160 160 160 160 160 160 160 160 160 160 160
160 160 160 160 160 160 160 160 160 160 160 160 160 160 160 160
160 160 160 160 160 160 160 160 160 160 160 160 160 160 160 160
160 160 160 160 160 160 160 160 160 160 160 160 160 160 160 160
160 160 160 160 160 160 160 160 160 160 160 160 160 160 160 160
160 160 160 160 160 160 160 160 160 160 160 160 160 160 160 160
160 160 160 160 160 160 160 160 160 160 160 160 160 160 160 160
160 160 160 160 160 160 160 160 160 160 160 160 160 160 160 160
160 160 160 160 160 160 160 160 160 160 160 160 160 160 160 160
0.01 0.005 0.019 0.008 0.024
0.006 0.014 0.012 0.024 0.02 0.016 0.022 0.013
0.018 0.007 0.01 0.024 0.026 0.011 0.028 0.013
0.006 0.023 0.017 0.005 0.007 0.022 0.008 0.011 0.028 0.012
0.017 0.023 0.017 0.027 0.016 0.007 0.012 0.025 0.006 0.01 0.018 0.027
0.006 0.013 0.022 0.023 0.011 0.012 0.022 0.021 0.009 0.008
0.014 0.005 0.018 0.012 0.01 0.009 0.009 0.028 0.028 0.016 0.027
0.022 0.005 0.018 0.013 0.022 0.027
0.018 0.012 0.023 0.019 0.017 0.014
0.017 0.026 0.012 0.008 0.017 0.026 0.017 0.01
4951 9321 9754 3261 0 1664 8383 3072 0 0 6234 4445 0 4062 2646 5792 12067 1742 2334 10608 8359 4699 12779 3457 1237 0 5238 2686 447 1351 4545 11700 5402 10934 3507 4221
0 0 0 0 2842 0 0 0 425 2374 0 0 139 0 0 0 0 0 0 0 0 0 0 0 0 978 0 0 0 0 0 0 0 0 0 0
2697 3108 2961 3098 2722 2081 2592 2515 2359 2466 2332 2908 2668 2490 2900 2752
674 777 740 774 680 520 648 628 589 616 583 727 667 622 725 688
824 949 904 946 831 635 792 768 721 753 712 888 815 761 886 840
2697 3108 2961 3098 2722 2081 2592 2515 2359 2466 2332 2908 2668 2490 2900 2752
4945 5699 5429 5680 4991 3815 4752 4610 4326 4521 4276 5333 4892 4566 5317 5045
4495 5181 4935 5163 4537 3468 4320 4191 3932 4110 3887 4848 4447 4151 4833 4586
1123 1295 1233 1290 1134 867 1080 1047 983 1027 971 1212 1111 1037 1208 1146
2622 3022 2879 3012 2647 2023 2520 2445 2294 2397 2267 2828 2594 2421 2819 2675
3671 4231 4030 4217 3705 2832 3528 3423 3211 3357 3174 3959 3632 3389 3947 3745
4421 5094 4853 5077 4462 3411 4248 4121 3867 4042 3822 4767 4373 4081 4753 4510
4121 4749 4524 4733 4159 3179 3960 3842 3605 3768 3563 4444 4077 3805 4431 4204
1123 1295 1233 1290 1134 867 1080 1047 983 1027 971 1212 1111 1037 1208 1146
4795 5526 5264 5508 4840 3700 4608 4471 4194 4384 4146 5171 4744 4427 5156 4892
2547 2936 2796 2926 2571 1965 2448 2375 2228 2329 2202 2747 2520 2352 2739 2599
899 1036 987 1032 907 693 864 838 786 822 777 969 889 830 966 917
6219 7167 6827 7143 6277 4798 5976 5798 5440 5686 5377 6706 6152 5742 6686 6345
4046 4663 4442 4647 4083 3121 3888 3772 3539 3699 3498 4363 4002 3735 4350 4128
6219 7167 6827 7143 6277 4798 5976 5798 5440 5686 5377 6706 6152 5742 6686 6345
3896 4490 4277 4475 3932 3006 3744 3632 3408 3562 3369 4201 3854 3597 4189 3975
2697 3108 2961 3098 2722 2081 2592 2515 2359 2466 2332 2908 2668 2490 2900 2752
5769 6649 6334 6627 5823 4451 5544 5379 5047 5275 4988 6221 5707 5327 6203 5886
2322 2676 2550 2668 2344 1792 2232 2165 2031 2123 2008 2504 2297 2144 2497 2369
3596 4144 3948 4131 3630 2775 3456 3353 3146 3288 3109 3878 3558 3320 3867 3669
3147 3626 3454 3614 3176 2428 3024 2934 2752 2877 2721 3393 3113 2905 3383 3210
2772 3195 3043 3184 2798 2139 2664 2584 2425 2534 2397 2989 2742 2559 2980 2828
1049 1208 1151 1204 1058 809 1008 978 917 959 907 1131 1037 968 1127 1070
4046 4663 4442 4647 4083 3121 3888 3772 3539 3699 3498 4363 4002 3735 4350 4128
4870 5612 5346 5594 4915 3757 4680 4541 4260 4453 4211 5252 4818 4496 5236 4969
6294 7253 6909 7229 6352 4856 6048 5868 5505 5754 5442 6787 6226 5811 6767 6421
374 431 411 430 378 289 360 349 327 342 323 404 370 345 402 382
5020 5785 5511 5766 5067 3873 4824 4680 4391 4590 4340 5413 4966 4635 5397 5121
6444 7426 7074 7401 6504 4972 6192 6008 5636 5891 5571 6949 6375 5949 6928 6574
6519 7512 7156 7487 6579 5029 6264 6078 5702 5960 5636 7029 6449 6018 7009 6650
5395 6217 5922 6196 5445 4162 5184 5030 4719 4932 4664 5817 5337 4981 5800 5504
2247 2590 2467 2581 2268 1734 2160 2095 1966 2055 1943 2424 2223 2075 2416 2293
3297 3799 3619 3786 3327 2543 3168 3073 2884 3014 2850 3555 3261 3044 3544 3363
0 5 5 2 4
8 0 8 5 5
5 6 0 5 4
7 2 7 0 3
4 8 4 5 0
0 8 5 3 4 3 2 7
2 0 5 8 3 5 6 5
5 2 0 5 3 7 4 7
3 4 7 0 8 4 2 3
3 6 4 3 0 8 7 3
5 4 5 7 3 0 6 5
3 5 8 8 5 6 0 4
2 5 5 4 8 7 5 0
0 2 6 4 6 4 7 5
2 0 6 6 3 2 3 6
3 8 0 8 4 2 8 4
7 7 6 0 2 5 4 8
2 8 5 5 0 5 6 5
3 6 5 7 8 0 8 7
3 5 2 3 4 8 0 3
3 2 7 7 4 8 7 0
0 6 8 7 7 4 8 4 7 7
6 0 8 8 2 3 5 7 4 7
7 4 0 5 3 4 8 4 3 8
8 5 4 0 8 2 8 2 8 3
4 8 6 7 0 5 7 4 6 8
4 4 6 2 5 0 8 2 8 3
2 2 2 4 6 7 0 2 7 6
5 3 2 8 3 5 6 0 6 7
8 2 5 8 3 4 8 3 0 6
2 6 4 5 6 8 8 2 4 0
0 7 7 5 7 2 2 8 4 6 3 7
6 0 5 7 8 2 8 8 2 7 6 3
3 4 0 6 4 3 2 2 3 7 5 6
4 4 4 0 2 2 8 4 5 4 8 5
8 3 8 8 0 4 6 6 2 5 7 3
5 6 7 6 8 0 4 6 3 5 6 5
8 6 7 2 7 8 0 4 7 2 8 6
4 6 5 4 7 6 7 0 7 5 8 2
7 2 3 4 8 7 3 2 0 7 6 4
6 4 5 2 4 2 5 5 7 0 3 8
5 5 3 2 3 7 6 5 8 3 0 2
3 3 5 7 2 7 8 3 7 7 2 0
0 3 4 5 7 6 2 2 7 2
8 0 6 3 2 3 2 7 4 3
3 6 0 6 6 8 3 5 5 6
8 7 6 0 8 8 4 7 3 3
5 5 3 8 0 6 2 4 4 4
6 3 7 2 4 0 8 3 5 6
2 5 6 2 8 4 0 2 5 7
4 3 8 8 2 3 7 0 8 5
2 5 2 6 8 7 6 5 0 7
6 6 4 2 5 8 4 6 7 0
0 4 2 2 6 3 3 6 6 8 6
6 0 8 2 2 5 8 7 7 8 7
6 6 0 7 4 3 8 5 3 4 3
5 4 4 0 8 2 5 8 5 8 7
8 7 7 6 0 2 2 6 2 3 5
6 8 6 6 2 0 6 3 4 7 6
6 7 5 3 8 5 0 5 5 8 4
2 7 7 8 5 4 6 0 2 5 7
8 5 4 8 8 3 8 6 0 3 4
7 8 2 5 5 8 7 5 6 0 3
4 2 2 4 3 5 2 4 3 3 0
0 8 5 7 7 3
2 0 4 7 5 4
5 2 0 5 5 3
6 6 6 0 7 6
7 5 5 5 0 8
3 4 3 8 3 0
0 4 3 7 5 5
2 0 8 8 3 6
2 5 0 8 8 3
4 6 6 0 7 5
3 7 8 2 0 4
7 4 7 6 6 0
0 6 5 7 2 6 6 2
4 0 2 3 6 8 5 4
4 2 0 3 8 5 3 3
2 3 6 0 7 7 2 2
8 2 4 3 0 6 3 8
5 3 2 3 8 0 6 2
8 7 8 4 6 4 0 7
8 6 8 8 7 4 3 0
0.379167 0.173333 0.2275 0.270833 0.216667 0.151667 0.379167 0.346667 0.3575 0.140833 0.346667 0.346667 0.205833 0.368333 0.335833 0.379167 0.335833 0.1625 0.216667 0.108333 0.1625 0.368333 0.400833 0.281667 0.3575 0.086667 0.151667 0.303333 0.249167 0.411667 0.238333 0.205833 0.108333 0.26 0.39 0.314167
5.460 2.357 2.434 3.250 2.383 1.608 3.792 5.027 4.719 1.775 3.709 3.536 2.244 5.304 4.467 3.905 4.097 1.836 3.012 1.528 2.226 5.304 5.652 3.267 5.255 0.893 2.184 4.004 2.566 4.611 3.337 2.552 1.473 3.536 5.265 3.613
0.00073 0 0.01463 0 0.00207
0 0 0 0.01185 0.01505 0.0068 0 0.00578
0.01253 0 0.0002 0.02152 0.01232 0 0.01397 0.00462
0 0 0.01301 0 0 0.0056 0 0 0.00056 0.00416
0 0.01431 0.01151 0.00495 0.0107 0 0 0.01422 0 0.00455 0.01112 0
0.00168 0 0 0.02152 0.00449 0 0.01104 0.01732 0 0
0.00274 0 0.0004 0.0006 0.0057 0 0 0 0.02004 0.00696 0.00732
0.00286 0 0.00564 0 0.01556 0.0221
0 0 0.0108 0 0.01329 0.0078
0 0.01566 0.00664 0 0 0.01961 0.00212 0.0033
0 357 506 120 368
470 0 281 175 394
179 700 0 361 383
684 150 778 0 267
350 932 396 379 0
0 640 243 364 338 257 114 861
174 0 540 299 324 495 189 416
181 88 0 410 96 691 168 516
304 176 490 0 569 168 88 139
135 279 129 119 0 984 267 168
355 169 335 709 350 0 513 600
120 407 659 360 411 307 0 438
99 299 339 298 934 609 387 0
0 198 661 138 248 239 261 351
116 0 481 313 94 80 182 330
188 539 0 540 482 189 411 240
294 239 417 0 147 373 296 832
238 374 216 609 0 402 592 597
137 729 178 830 950 0 753 231
259 479 188 150 180 683 0 369
246 202 228 348 156 320 501 0
0 339 563 607 296 292 259 344 687 807
183 0 552 798 162 205 220 460 209 813
534 204 0 448 339 122 460 442 152 953
532 481 442 0 292 182 561 66 689 346
395 396 319 427 0 374 373 219 387 716
224 452 328 237 240 0 646 91 798 188
87 160 180 263 628 502 0 187 824 268
426 221 240 443 284 328 552 0 295 637
262 72 194 320 205 360 305 130 0 584
222 188 216 417 624 878 384 99 130 0
0 466 632 391 761 82 89 257 122 676 316 721
187 0 216 606 577 133 478 977 246 638 669 106
127 496 0 705 322 243 233 167 199 292 479 590
176 280 152 0 62 204 521 368 245 239 828 341
633 338 811 344 0 444 376 637 119 506 457 244
606 282 439 411 820 0 254 315 237 435 421 289
889 208 257 118 739 856 0 126 596 149 396 468
150 302 218 436 462 579 280 0 506 377 456 118
299 165 258 252 289 337 225 226 0 562 350 427
189 123 520 74 146 193 434 343 463 0 111 968
164 525 224 103 196 770 357 474 659 371 0 156
255 222 523 652 216 593 611 230 331 635 69 0
0 103 316 220 376 556 80 206 701 226
867 0 724 297 172 355 86 540 193 241
133 366 0 225 600 321 149 607 219 420
249 210 596 0 515 700 127 702 206 333
388 455 207 616 0 451 226 316 292 298
428 295 841 196 164 0 464 150 264 700
68 358 688 124 417 362 0 215 178 429
463 258 275 590 241 107 560 0 691 514
175 215 226 729 936 637 591 238 0 862
700 283 370 106 524 507 155 306 452 0
0 408 216 170 741 170 189 456 684 838 646
704 0 579 139 98 389 465 670 217 385 750
253 703 0 813 124 316 528 405 216 190 275
316 367 216 0 369 120 389 408 231 897 697
310 709 413 354 0 236 174 325 132 325 200
502 849 403 730 138 0 277 176 186 575 643
540 443 375 298 361 434 0 232 566 513 228
95 544 336 286 354 410 720 0 233 274 672
929 499 352 841 884 110 532 662 0 326 407
411 326 189 273 405 926 611 278 676 0 240
296 133 86 415 346 577 153 360 357 313 0
0 313 231 250 379 233
102 0 280 840 417 232
556 211 0 408 507 123
693 721 334 0 288 278
736 301 466 156 0 264
173 360 284 814 351 0
0 307 189 336 257 396
107 0 860 376 94 342
191 179 0 512 963 176
304 624 306 0 455 311
210 252 761 244 0 176
459 424 722 682 716 0
0 181 232 281 80 704 742 213
416 0 159 222 452 476 425 244
366 223 0 258 590 573 203 294
161 171 499 0 826 639 132 73
897 168 136 249 0 631 94 361
546 334 182 240 270 0 270 168
688 728 428 388 704 493 0 245
708 518 489 670 733 143 286 0
