36 16 112 10
169904
01 03 04 10 11 15 17 19 34 35
05 14 15 17 32 34 36
16 17 24 33 35
06 07 12 17 24 31
09 11 14 17 23 29 30 36
02 09 12 13 17 19 20 21 25 27 28
02 06 10 16 17 18 20 22 28 32 34
08 09 14 17 18 20 22 25 26 30
01 04 05 07 08 13 17 21 29 31
03 15 17 18 23 26 27 33
1778 3000 6667 1429 1538 4444 1200 9600 2133 1538
1429 6000 2133 1143 2286 2087 3000
4444 1455 1538 4000 2462
2182 3429 1667 1684 2526 2526
1600 2182 5714 1200 1524 6857 3429 4000
3200 1905 1778 3200 2462 2857 4800 3200 857 1500 3200
3556 4571 2400 1600 1333 1280 6000 4000 1538 8000 2286
2667 1524 4800 1481 1882 4000 3429 3200 1538 1200
5714 1538 1739 1778 3333 2000 2667 1818 1600 2400
889 1280 1455 3200 3000 2133 1043 4000
160 160 160 160 160 160 160 160 160 160 160 160 160 160 160 160
160 160 160 160 160 160 160 160 160 160 160 160 160 160 160 160
160 160 160 160 160 160 160 160 160 160 160 160 160 160 160 160
160 160 160 160 160 160 160 160 160 160 160 160 160 160 160 160
160 160 160 160 160 160 160 160 160 160 160 160 160 160 160 160
160 160 160 160 160 160 160 160 160 160 160 160 160 160 160 160
160 160 160 160 160 160 160 160 160 160 160 160 160 160 160 160
160 160 160 160 160 160 160 160 160 160 160 160 160 160 160 160
160 160 160 160 160 160 160 160 160 160 160 160 160 160 160 160
160 160 160 160 160 160 160 160 160 160 160 160 160 160 160 160
0.018 0.016 0.006 0.028 0.026 0.009 0.02 0.005 0.015 0.026
0.028 0.008 0.015 0.021 0.021 0.023 0.016
0.009 0.022 0.026 0.006 0.013
0.022 0.014 0.024 0.019 0.019 0.019
0.015 0.022 0.007 0.02 0.021 0.007 0.014 0.006
0.01 0.021 0.027 0.015 0.013 0.014 0.005 0.01 0.028 0.016 0.01
0.009 0.007 0.01 0.02 0.024 0.025 0.008 0.008 0.026 0.006 0.014
0.009 0.021 0.01 0.027 0.017 0.008 0.007 0.01 0.026 0.02
0.007 0.026 0.023 0.027 0.012 0.02 0.015 0.022 0.025 0.02
0.027 0.025 0.022 0.015 0.008 0.015 0.023 0.012
4723 3496 6105 5337 0 7026 0 10871 7620 12086 0 8072 11204 3320 9799 5884 3122 3002 0 0 0 6181 4525 4028 194 1762 9320 1751 10818 9972 9237 1478 5430 0 1061 2469
0 0 0 0 929 0 698 0 0 0 846 0 0 0 0 0 0 0 2389 8 3143 0 0 0 0 0 0 0 0 0 0 0 0 1618 0 0
1237 941 1047 1157 824 1057 1101 872 1266 1004 844 1027 1213 978 947 1247
5525 4204 4678 5170 3684 4723 4920 3896 5657 4486 3773 4588 5420 4368 4230 5573
2474 1882 2095 2315 1649 2115 2203 1744 2533 2009 1689 2054 2427 1956 1894 2495
1484 1129 1257 1389 989 1269 1321 1046 1519 1205 1013 1232 1456 1173 1136 1497
1896 1443 1606 1774 1264 1621 1689 1337 1941 1540 1295 1575 1860 1499 1452 1913
4700 3576 3980 4398 3134 4018 4186 3314 4812 3817 3210 3903 4611 3716 3598 4741
5278 4015 4469 4938 3519 4512 4700 3721 5403 4286 3604 4382 5177 4172 4040 5324
5443 4141 4609 5093 3629 4653 4847 3838 5572 4419 3717 4519 5339 4303 4167 5490
6432 4894 5447 6019 4289 5499 5728 4536 6585 5223 4392 5341 6310 5085 4924 6488
1484 1129 1257 1389 989 1269 1321 1046 1519 1205 1013 1232 1456 1173 1136 1497
4206 3200 3561 3935 2804 3595 3745 2965 4306 3415 2872 3492 4126 3325 3220 4242
4123 3137 3491 3858 2749 3525 3672 2907 4221 3348 2816 3423 4045 3260 3156 4159
4948 3764 4190 4630 3299 4230 4406 3489 5066 4018 3379 4108 4854 3912 3788 4991
7257 5521 6145 6790 4839 6204 6462 5117 7430 5893 4956 6026 7119 5737 5556 7320
6020 4580 5097 5633 4014 5146 5361 4245 6163 4888 4111 4999 5906 4759 4609 6072
5195 3953 4399 4861 3464 4441 4626 3663 5319 4219 3548 4314 5097 4107 3977 5240
7339 5584 6215 6867 4894 6274 6536 5175 7514 5960 5012 6094 7200 5802 5619 7403
6597 5019 5586 6173 4399 5640 5875 4652 6754 5357 4505 5478 6472 5216 5051 6655
3216 2447 2723 3009 2144 2749 2864 2268 3292 2611 2196 2670 3155 2542 2462 3244
5690 4329 4818 5324 3794 4864 5067 4012 5825 4620 3886 4725 5582 4498 4356 5740
1896 1443 1606 1774 1264 1621 1689 1337 1941 1540 1295 1575 1860 1499 1452 1913
1979 1505 1676 1852 1319 1692 1762 1395 2026 1607 1351 1643 1941 1564 1515 1996
3628 2760 3072 3395 2419 3102 3231 2558 3715 2946 2478 3013 3559 2868 2778 3660
4288 3262 3631 4012 2859 3666 3818 3024 4390 3482 2928 3560 4207 3390 3283 4325
1814 1380 1536 1697 1209 1551 1615 1279 1857 1473 1239 1506 1779 1434 1389 1830
6762 5145 5726 6327 4509 5781 6022 4768 6923 5491 4618 5615 6634 5346 5177 6821
5195 3953 4399 4861 3464 4441 4626 3663 5319 4219 3548 4314 5097 4107 3977 5240
1319 1003 1117 1234 879 1128 1175 930 1350 1071 901 1095 1294 1043 1010 1331
3381 2572 2863 3163 2254 2890 3011 2384 3461 2745 2309 2807 3317 2673 2588 3410
3216 2447 2723 3009 2144 2749 2864 2268 3292 2611 2196 2670 3155 2542 2462 3244
3216 2447 2723 3009 2144 2749 2864 2268 3292 2611 2196 2670 3155 2542 2462 3244
4865 3702 4120 4552 3244 4159 4333 3431 4981 3951 3322 4040 4773 3846 3725 4908
1979 1505 1676 1852 1319 1692 1762 1395 2026 1607 1351 1643 1941 1564 1515 1996
5690 4329 4818 5324 3794 4864 5067 4012 5825 4620 3886 4725 5582 4498 4356 5740
577 439 488 540 384 493 514 407 591 468 394 479 566 456 441 582
2556 1945 2164 2392 1704 2185 2276 1802 2617 2076 1745 2122 2508 2021 1957 2578
0 3 4 4 4 8 6 3 4 2
2 0 4 5 5 5 7 8 3 2
8 5 0 7 8 3 8 2 8 8
6 2 6 0 6 6 3 3 6 8
5 7 2 3 0 2 2 5 3 5
6 2 5 2 6 0 7 8 2 4
7 5 4 3 4 3 0 8 5 3
6 8 2 4 8 3 8 0 4 6
8 2 6 4 2 6 8 7 0 3
3 4 5 3 3 4 6 3 8 0
0 3 8 3 5 3 7
4 0 3 5 6 4 7
5 6 0 8 3 6 5
8 3 6 0 4 6 3
6 2 2 2 0 2 4
6 2 3 7 8 0 2
3 5 7 7 3 3 0
0 2 4 6 5
7 0 2 3 2
2 8 0 7 7
2 2 6 0 5
4 4 8 8 0
0 6 8 2 2 8
8 0 5 5 8 6
4 2 0 6 7 3
4 2 2 0 7 4
6 3 4 7 0 4
5 8 7 2 8 0
0 4 7 4 7 4 5 8
3 0 4 4 7 4 3 5
6 4 0 4 8 2 2 4
7 7 2 0 6 5 3 5
2 3 3 7 0 4 6 2
5 5 4 4 2 0 5 6
4 2 3 5 8 5 0 4
7 2 2 7 2 2 6 0
0 6 4 4 2 8 2 7 5 3 4
7 0 4 6 5 8 5 6 5 7 6
7 6 0 5 5 3 6 2 2 5 3
3 6 2 0 7 7 8 7 8 7 6
8 2 5 3 0 5 3 4 2 7 2
3 8 3 4 2 0 2 7 4 6 2
7 4 8 5 6 4 0 5 5 8 5
5 5 5 7 8 7 2 0 4 3 3
8 2 5 8 4 3 6 7 0 2 4
8 6 2 5 8 2 5 6 7 0 6
2 8 8 8 6 7 3 8 8 3 0
0 6 3 7 4 2 3 4 7 7 6
8 0 3 4 5 8 7 7 8 5 4
3 5 0 4 6 2 3 7 2 8 8
2 7 4 0 5 5 3 6 4 6 3
3 4 5 3 0 3 8 7 2 7 4
4 8 6 3 4 0 7 2 6 7 4
8 4 3 4 3 5 0 7 6 4 5
7 3 6 3 8 4 4 0 3 5 3
2 5 7 8 8 3 6 8 0 7 6
7 7 2 4 7 7 7 4 2 0 6
3 5 8 6 3 8 5 5 4 2 0
0 7 8 8 5 6 8 7 2 3
2 0 3 5 3 4 8 5 4 8
7 5 0 7 2 8 8 3 2 3
7 4 6 0 2 2 4 6 6 7
8 5 4 3 0 3 5 3 7 3
2 4 6 2 4 0 8 4 5 7
3 4 4 5 2 6 0 8 3 4
7 7 8 8 2 3 2 0 2 8
8 7 7 5 5 5 4 6 0 4
6 8 6 5 8 4 7 5 4 0
0 5 8 6 4 2 8 6 2 5
7 0 2 3 7 8 6 5 2 3
6 6 0 7 3 6 8 8 2 6
6 4 6 0 7 2 6 7 3 4
5 4 3 7 0 7 7 3 7 7
4 7 6 7 6 0 3 4 2 3
7 8 5 7 2 3 0 6 5 8
5 4 2 5 7 6 8 0 6 3
4 3 2 2 8 6 5 2 0 2
3 8 6 2 5 3 7 7 7 0
0 8 7 4 8 2 8 6
2 0 3 7 5 6 7 6
4 3 0 5 7 7 4 2
3 6 4 0 2 2 5 4
2 4 4 5 0 8 3 3
7 6 5 8 4 0 3 2
5 4 3 3 4 8 0 5
8 4 4 2 7 5 6 0
0.335833 0.314167 0.1625 0.379167 0.173333 0.346667 0.368333 0.119167 0.249167 0.195 0.216667 0.325 0.2275 0.195 0.368333 0.314167 0.205833 0.303333 0.379167 0.238333 0.433333 0.0975 0.26 0.379167 0.335833 0.216667 0.26 0.3575 0.2925 0.433333 0.0975 0.379167 0.26 0.108333 0.108333 0.2925
3.862 4.524 2.015 4.664 1.837 4.229 4.641 1.597 3.538 1.989 3.250 3.413 2.343 2.301 4.089 4.461 2.820 4.034 5.119 3.241 5.850 1.277 3.146 5.270 3.493 2.167 2.652 3.968 4.358 4.637 1.424 4.398 3.510 1.170 1.083 3.656
0.01254 0 0 0.01096 0.00866 0 0.01079 0 0.00164 0.01482
0.00081 0.00199 0.00837 0.00944 0.01755 0.01074 0.0093
0 0.00675 0.01517 0 0
0.01414 0 0 0.00886 0 0.00306
0 0 0 0.00379 0.01094 0 0 0
0.00121 0.00429 0.00501 0 0 0.00882 0 0 0.01296 0 0
0 0 0 0.00751 0.00923 0.00963 0.00255 0.00145 0.02016 0 0
0 0.00114 0.00299 0.01493 0 0.00391 0 0 0.01088 0.0074
0 0.02082 0 0.01128 0.00129 0.0091 0.00449 0.00944 0.01411 0
0.00769 0.01687 0.00763 0.00053 0 0 0.00556 0.00498
0 297 336 313 246 708 192 185 222 113
106 0 485 291 281 375 868 627 327 111
713 554 0 868 440 155 505 217 417 643
372 151 421 0 205 573 247 291 246 462
516 574 234 310 0 210 158 237 135 248
386 220 414 114 494 0 358 382 157 267
235 366 343 150 408 185 0 715 300 293
704 785 108 291 465 227 257 0 427 200
588 239 291 332 166 660 468 501 0 91
120 390 175 282 264 184 294 225 476 0
0 208 840 298 538 96 635
461 0 117 492 187 304 792
399 513 0 904 366 735 596
955 354 720 0 139 181 132
555 74 128 121 0 67 146
396 244 303 709 940 0 191
115 265 471 795 345 250 0
0 132 226 729 390
852 0 68 302 232
211 851 0 609 851
85 62 489 0 609
344 148 464 896 0
0 414 360 166 222 265
462 0 220 261 408 501
424 206 0 420 753 364
128 146 221 0 617 216
496 279 448 511 0 368
399 494 553 212 750 0
0 301 235 212 709 293 209 780
292 0 431 241 375 337 136 617
487 426 0 394 942 196 208 322
688 452 188 0 302 597 193 219
116 219 183 751 0 401 181 206
586 420 294 401 62 0 212 259
419 180 110 495 348 486 0 141
565 172 152 457 99 172 219 0
0 376 425 483 174 912 169 418 429 343 492
252 0 417 391 151 748 445 414 164 396 309
347 316 0 378 306 351 188 80 119 326 279
353 634 202 0 596 546 289 637 278 599 349
747 137 300 268 0 179 110 456 156 742 76
124 438 301 344 245 0 118 859 300 601 202
705 413 320 483 483 155 0 605 608 809 342
288 497 549 351 297 858 188 0 120 258 238
404 78 377 948 291 250 490 642 0 190 142
337 543 216 334 587 170 321 567 520 0 651
107 324 448 460 457 746 246 966 910 297 0
0 471 121 858 163 134 288 252 592 841 410
772 0 343 129 468 273 326 376 249 245 444
110 302 0 454 367 183 111 799 146 816 668
155 593 352 0 429 487 122 242 428 498 249
238 288 603 176 0 198 326 289 73 529 131
242 401 345 184 191 0 365 165 723 441 282
299 138 273 360 144 405 0 462 334 424 605
868 313 730 129 283 411 491 0 101 388 233
173 230 861 588 894 212 282 774 0 823 727
501 326 170 152 509 723 653 364 154 0 675
171 527 342 574 115 464 235 388 131 102 0
0 268 708 465 243 567 908 350 140 267
186 0 150 538 204 381 852 246 324 552
560 397 0 378 190 843 582 115 212 369
245 461 630 0 123 166 401 482 711 765
651 450 172 140 0 105 274 145 567 172
170 252 554 221 416 0 353 228 293 508
205 438 311 165 134 207 0 515 315 292
301 744 358 312 209 187 137 0 217 337
942 569 523 316 506 462 429 193 0 416
620 603 740 579 459 447 387 156 301 0
0 302 932 260 327 105 681 411 152 566
651 0 152 320 800 560 312 482 200 212
309 685 0 842 315 427 758 286 78 260
493 220 489 0 221 214 414 793 327 263
477 236 102 225 0 452 302 189 616 494
260 525 682 777 390 0 145 244 60 109
611 544 340 273 78 302 0 225 535 536
210 155 159 278 497 208 376 0 468 309
296 165 90 138 872 192 478 65 0 69
357 676 544 126 281 280 694 743 288 0
0 912 558 169 905 206 718 639
114 0 131 747 546 382 260 519
209 251 0 559 611 582 440 144
284 260 142 0 224 170 435 428
198 436 356 216 0 788 328 114
462 560 509 374 384 0 285 65
422 368 120 90 311 526 0 222
854 268 332 217 386 287 709 0
